-0.976   ,1.819   ,9.404   ,-0.976   ,1.819   ,9.404   ,-0.823   ,1.532   ,9.807   ,-0.823   ,1.532   ,9.807   ,-0.9   ,1.666   ,9.807   ,-1.187   ,1.608   ,9.059   ,-1.302   ,1.934   ,8.83   ,-1.187   ,2.815   ,8.657   ,-1.187   ,2.815   ,8.657   ,-1.206   ,3.198   ,8.523   ,-1.206   ,3.198   ,8.523   ,-1.417   ,3.332   ,8.657   ,-2.126   ,2.968   ,9.5   ,-1.666   ,3.007   ,9.194   ,-1.666   ,3.007   ,9.194   ,-1.206   ,2.604   ,9.117   ,-0.957   ,2.049   ,9.194   ,-0.957   ,2.049   ,9.194   ,-0.996   ,1.838   ,9.385   ,-1.053   ,1.589   ,9.749   ,-1.053   ,1.589   ,9.749   ,-1.187   ,1.513   ,9.998   ,-1.187   ,1.513   ,9.998   ,-1.11   ,1.704   ,10.209   ,-1.11   ,1.704   ,10.209   ,-0.938   ,1.915   ,10.228   ,-0.785   ,2.26   ,10.228   ,-0.785   ,2.26   ,10.228   ,-0.804   ,2.49   ,10.113   ,-0.804   ,2.49   ,10.113   ,-0.67   ,2.317   ,9.883   ,-0.708   ,2.164   ,9.692   ,-0.708   ,2.164   ,9.692   ,-0.881   ,2.126   ,9.232   ,-0.881   ,2.145   ,8.964   ,-0.881   ,2.145   ,8.964   ,-0.804   ,2.087   ,8.753   ,-0.804   ,2.087   ,8.753   ,-0.67   ,2.126   ,8.849   ,-0.383   ,2.145   ,9.002   ,-0.229   ,1.934   ,9.194   ,-0.172   ,1.915   ,9.538   ,-0.153   ,2.011   ,9.749   ,-0.153   ,2.011   ,9.749   ,-0.076   ,2.202   ,9.692   ,-0.095   ,2.336   ,9.653   ,-0.095   ,2.336   ,9.653   ,-0.191   ,2.355   ,9.462   ,-0.249   ,2.336   ,9.328   ,-0.268   ,2.26   ,9.232   ,-0.249   ,2.279   ,9.136   ,-0.249   ,2.279   ,9.136   ,-0.095   ,2.221   ,9.002   ,-0.095   ,2.221   ,9.002   ,0.038   ,2.183   ,8.868   ,0.057   ,2.164   ,9.021   ,0.057   ,2.164   ,9.021   ,0.057   ,2.011   ,9.098   ,-0.076   ,1.972   ,9.232   ,-0.076   ,1.972   ,9.232   ,-0.325   ,2.068   ,9.366   ,-0.325   ,2.068   ,9.366   ,-0.229   ,2.202   ,9.557   ,-0.076   ,1.953   ,9.577   ,-0.076   ,1.953   ,9.577   ,-0.421   ,2.413   ,9.653   ,-0.114   ,1.953   ,9.634   ,-0.114   ,1.953   ,9.634   ,0.019   ,1.225   ,9.73   ,0.019   ,1.225   ,9.73   ,0.038   ,1.168   ,9.921   ,0.095   ,1.264   ,10.017   ,0.095   ,1.264   ,10.017   ,0.44   ,1.417   ,9.998   ,1.015   ,1.685   ,9.615   ,1.015   ,1.685   ,9.615   ,1.187   ,1.685   ,9.251   ,1.302   ,1.264   ,8.849   ,1.379   ,0.67   ,8.638   ,1.379   ,0.67   ,8.638   ,1.302   ,0.268   ,8.523   ,0.919   ,0.095   ,8.676   ,0.919   ,0.095   ,8.676   ,0.574   ,-0.019   ,8.772   ,0.038   ,-0.574   ,8.696   ,-0.325   ,-0.938   ,8.715   ,-0.325   ,-0.938   ,8.715   ,-6.167   ,-2.432   ,9.941   ,-6.55   ,-3.926   ,9.768   ,-6.55   ,-3.926   ,9.768   ,-5.209   ,-3.83   ,8.696   ,-5.209   ,-3.83   ,8.696   ,-4.156   ,-2.93   ,8.044   ,-2.7   ,-2.164   ,7.259   ,-1.359   ,-2.068   ,3.869   ,-1.359   ,-2.068   ,3.869   ,-1.762   ,-1.168   ,2.739   ,-1.762   ,-1.168   ,2.739   ,-2.758   ,-0.938   ,5.344   ,-2.758   ,-0.938   ,5.344   ,-2.758   ,-1.532   ,7.527   ,-3.715   ,-1.877   ,8.945   ,-3.715   ,-1.877   ,8.945   ,-5.401   ,-2.279   ,9.845   ,-6.071   ,-2.241   ,9.979   ,-6.684   ,-2.604   ,10.132   ,-6.684   ,-2.604   ,10.132   ,-6.876   ,-2.968   ,9.768   ,-6.167   ,-3.869   ,9.481   ,-6.167   ,-3.869   ,9.481   ,-5.19   ,-4.731   ,9.079   ,-3.332   ,-6.167   ,8.006   ,-3.332   ,-6.167   ,8.006   ,-2.624   ,-7.106   ,7.067   ,-1.206   ,-8.849   ,5.918   ,-1.206   ,-8.849   ,5.918   ,-1.666   ,-7.968   ,5.88   ,-1.666   ,-7.968   ,5.88   ,-2.949   ,-7.144   ,6.014   ,-3.601   ,-6.972   ,6.569   ,-3.601   ,-6.972   ,6.569   ,-4.405   ,-6.244   ,6.435   ,-4.846   ,-7.259   ,5.65   ,-4.846   ,-7.259   ,5.65   ,-5.401   ,-7.968   ,3.505   ,-5.401   ,-7.968   ,3.505   ,-4.711   ,-7.336   ,2.834   ,-4.903   ,-8.044   ,2.777   ,-5.746   ,-8.408   ,2.7   ,-5.746   ,-8.408   ,2.7   ,-7.776   ,-8.447   ,3.715   ,-7.776   ,-8.447   ,3.715   ,-8.523   ,-8.6   ,4.156   ,-9.328   ,-8.964   ,4.118   ,-9.328   ,-8.964   ,4.118   ,-10.266   ,-9.251   ,3.715   ,-11.894   ,-9.289   ,3.505   ,-11.894   ,-9.289   ,3.505   ,-12.68   ,-8.887   ,3.984   ,-13.197   ,-8.696   ,4.099   ,-13.465   ,-8.676   ,4.271   ,-13.465   ,-8.676   ,4.271   ,-13.58   ,-8.542   ,4.616   ,-13.58   ,-8.542   ,4.616   ,-13.599   ,-8.14   ,4.999   ,-13.599   ,-8.14   ,4.999   ,-13.561   ,-7.47   ,5.171   ,-13.561   ,-7.47   ,5.171   ,-13.542   ,-7.01   ,5.037   ,-13.503   ,-6.435   ,4.711   ,-13.388   ,-5.976   ,4.501   ,-13.388   ,-5.976   ,4.501   ,-13.254   ,-5.612   ,4.233   ,-12.986   ,-5.382   ,4.271   ,-12.201   ,-5.19   ,4.118   ,-12.201   ,-5.19   ,4.118   ,-11.664   ,-4.941   ,4.022   ,-10.726   ,-4.539   ,3.811   ,-10.726   ,-4.539   ,3.811   ,-10.113   ,-4.405   ,3.524   ,-8.925   ,-4.041   ,3.313   ,-7.968   ,-3.907   ,3.639   ,-5.229   ,-3.715   ,6.052   ,-5.229   ,-3.715   ,6.052   ,-3.754   ,-3.39   ,6.512   ,-3.754   ,-3.39   ,6.512   ,-3.601   ,-2.834   ,4.386   ,-3.964   ,-3.083   ,2.279   ,-3.907   ,-3.62   ,0.612   ,-3.907   ,-3.62   ,0.612   ,-4.137   ,-4.022   ,0.134   ,-4.903   ,-4.539   ,0.0   ,-4.903   ,-4.539   ,0.0   ,-5.554   ,-5.037   ,0.421   ,-7.106   ,-5.765   ,-0.114   ,-8.159   ,-6.033   ,0.0   ,-8.159   ,-6.033   ,0.0   ,-9.174   ,-6.397   ,-0.191   ,-9.213   ,-7.7   ,-2.183   ,-9.213   ,-7.7   ,-2.183   ,-8.274   ,-7.163   ,-3.371   ,-7.221   ,-6.799   ,-2.892   ,-7.221   ,-6.799   ,-2.892   ,-5.497   ,-6.263   ,-0.766   ,-5.497   ,-6.263   ,-0.766   ,-4.884   ,-5.056   ,0.0   ,-4.213   ,-5.822   ,-0.536   ,-3.964   ,-4.482   ,-0.632   ,-3.409   ,-5.133   ,-0.44   ,-3.409   ,-5.133   ,-0.44   ,-3.524   ,-6.435   ,-1.436   ,-3.524   ,-6.435   ,-1.436   ,-4.003   ,-6.608   ,-1.13   ,-4.06   ,-7.202   ,-0.038   ,-4.443   ,-8.159   ,1.494   ,-5.803   ,-8.868   ,1.647   ,-5.803   ,-8.868   ,1.647   ,-7.949   ,-7.374   ,3.39   ,-7.949   ,-7.374   ,3.39   ,-6.78   ,-8.332   ,4.079   ,-7.91   ,-10.898   ,1.953   ,-7.91   ,-10.898   ,1.953   ,-7.431   ,-8.312   ,3.754   ,-6.723   ,-10.764   ,1.589   ,-7.355   ,-10.419   ,1.379   ,-7.355   ,-10.419   ,1.379   ,-9.404   ,-8.83   ,3.352   ,-8.753   ,-9.5   ,4.309   ,-8.753   ,-9.5   ,4.309   ,-10.247   ,-10.726   ,2.566   ,-9.692   ,-10.228   ,2.585   ,-7.374   ,-10.573   ,2.068   ,-7.374   ,-10.573   ,2.068   ,-5.765   ,-9.902   ,1.168   ,-3.696   ,-9.577   ,0.919   ,-3.696   ,-9.577   ,0.919   ,-2.317   ,-9.423   ,0.153   ,-2.681   ,-8.427   ,1.877   ,-2.432   ,-8.312   ,0.823   ,-2.432   ,-8.312   ,0.823   ,-2.413   ,-8.485   ,-0.229   ,-2.336   ,-8.427   ,0.153   ,-2.585   ,-9.481   ,-0.421   ,-2.853   ,-9.653   ,-0.593   ,-2.853   ,-9.653   ,-0.593   ,-2.719   ,-9.136   ,-0.363   ,-2.719   ,-9.136   ,-0.363   ,-2.317   ,-9.538   ,0.019   ,-1.762   ,-9.194   ,0.229   ,-1.762   ,-9.194   ,0.229   ,-1.283   ,-8.964   ,0.689   ,-0.785   ,-8.715   ,0.498   ,-0.785   ,-8.715   ,0.498   ,-0.536   ,-8.159   ,1.053   ,-0.536   ,-8.159   ,1.053   ,0.114   ,-8.063   ,2.241   ,0.823   ,-8.198   ,2.873   ,0.823   ,-8.198   ,2.873   ,0.306   ,-7.048   ,2.624   ,-0.019   ,-6.818   ,2.892   ,-0.019   ,-6.818   ,2.892   ,-0.651   ,-7.968   ,0.938   ,-0.651   ,-7.968   ,0.938   ,-1.608   ,-8.408   ,0.038   ,-3.122   ,-8.312   ,0.842   ,-3.122   ,-8.312   ,0.842   ,-2.662   ,-8.753   ,1.13   ,-3.179   ,-8.6   ,1.436   ,-2.873   ,-7.604   ,1.321   ,-2.873   ,-7.604   ,1.321   ,-2.432   ,-8.121   ,1.283   ,-1.551   ,-8.006   ,0.708   ,-1.551   ,-8.006   ,0.708   ,-1.781   ,-9.883   ,0.861   ,-1.225   ,-11.071   ,0.9   ,-1.225   ,-11.071   ,0.9   ,-1.781   ,-13.254   ,0.574   ,-1.781   ,-13.254   ,0.574   ,-2.068   ,-14.078   ,0.612   ,-1.494   ,-12.756   ,0.881   ,-1.494   ,-12.756   ,0.881   ,-1.474   ,-11.952   ,0.938   ,-0.517   ,-10.419   ,1.264   ,0.134   ,-10.4   ,0.708   ,0.134   ,-10.4   ,0.708   ,0.459   ,-9.692   ,0.402   ,-0.191   ,-11.703   ,0.593   ,-0.191   ,-11.703   ,0.593   ,-1.532   ,-13.503   ,1.417   ,-3.601   ,-12.795   ,-1.857   ,-3.601   ,-12.795   ,-1.857   ,-2.662   ,-11.396   ,0.038   ,-2.049   ,-10.611   ,1.264   ,-0.574   ,-9.404   ,1.781   ,-0.114   ,-9.462   ,-0.306   ,0.249   ,-11.703   ,2.681   ,0.249   ,-11.703   ,2.681   ,-1.283   ,-11.377   ,0.21   ,-1.283   ,-11.377   ,0.21   ,-0.957   ,-11.722   ,0.919   ,-1.321   ,-11.166   ,1.264   ,-0.689   ,-12.909   ,-2.106   ,-0.689   ,-12.909   ,-2.106   ,-0.593   ,-12.68   ,1.13   ,-0.402   ,-12.718   ,0.536   ,-0.363   ,-13.312   ,0.9   ,-0.996   ,-14.001   ,0.861   ,-0.996   ,-14.001   ,0.861   ,-1.053   ,-14.25   ,0.861   ,-0.823   ,-13.408   ,1.551   ,-0.823   ,-13.408   ,1.551   ,-0.517   ,-10.898   ,0.517   ,0.593   ,-9.596   ,1.359   ,0.938   ,-9.213   ,0.44   ,0.593   ,-9.385   ,-0.249   ,0.593   ,-9.385   ,-0.249   ,0.134   ,-9.807   ,0.114   ,0.134   ,-9.807   ,0.114   ,-2.221   ,-8.772   ,0.095   ,-1.838   ,-8.81   ,0.402   ,-2.624   ,-7.029   ,1.034   ,-2.624   ,-7.029   ,1.034   ,-2.796   ,-5.133   ,1.647   ,-1.915   ,-2.7   ,1.723   ,-1.417   ,-2.968   ,1.053   ,-1.417   ,-2.968   ,1.053   ,-0.114   ,-6.512   ,0.976   ,-0.114   ,-6.512   ,0.976   ,0.268   ,-9.155   ,1.072   ,0.268   ,-9.155   ,1.072   ,0.095   ,-9.787   ,0.153   ,0.095   ,-9.787   ,0.153   ,-0.287   ,-10.975   ,0.938   ,-0.287   ,-10.975   ,0.938   ,-0.938   ,-11.626   ,1.628   ,-0.919   ,-12.392   ,1.838   ,-1.053   ,-11.492   ,1.666   ,-2.068   ,-9.328   ,1.551   ,-1.494   ,-9.5   ,1.589   ,-1.494   ,-9.5   ,1.589   ,-1.608   ,-9.194   ,1.551   ,-1.608   ,-9.194   ,1.551   ,-1.819   ,-9.577   ,1.436   ,4.501   ,-3.141   ,-0.919   ,4.769   ,4.022   ,-2.758   ,4.769   ,4.022   ,-2.758   ,-0.498   ,-4.367   ,-0.9   ,-0.498   ,-4.367   ,-0.9   ,-6.014   ,-10.094   ,2.068   ,-6.991   ,-14.078   ,2.011   ,-6.991   ,-14.078   ,2.011   ,-6.205   ,-13.005   ,0.785   ,-4.175   ,-10.515   ,1.494   ,-3.543   ,-9.807   ,1.551   ,-3.543   ,-9.807   ,1.551   ,-2.949   ,-10.803   ,2.087   ,-2.949   ,-10.803   ,2.087   ,-2.7   ,-11.147   ,2.011   ,-2.7   ,-11.147   ,2.011   ,-1.877   ,-11.377   ,2.183   ,-1.819   ,-11.645   ,2.145   ,-1.474   ,-11.626   ,2.068   ,-1.474   ,-11.626   ,2.068   ,-1.819   ,-12.048   ,2.049   ,-1.819   ,-12.048   ,2.049   ,-2.298   ,-13.063   ,2.183   ,-2.241   ,-11.703   ,1.494   ,-2.241   ,-11.703   ,1.494   ,-1.896   ,-10.439   ,2.068   ,-1.896   ,-10.439   ,2.068   ,-1.494   ,-9.634   ,1.723   ,-1.11   ,-8.734   ,1.417   ,-0.9   ,-8.236   ,1.417   ,-0.861   ,-7.393   ,0.651   ,-0.861   ,-7.393   ,0.651   ,-1.57   ,-8.638   ,0.478   ,-1.57   ,-8.638   ,0.478   ,-2.336   ,-8.887   ,0.498   ,-2.336   ,-8.887   ,0.498   ,-3.409   ,-10.611   ,0.747   ,-2.873   ,-9.347   ,1.034   ,-2.681   ,-8.504   ,1.551   ,-2.336   ,-8.044   ,2.145   ,-2.336   ,-8.044   ,2.145   ,-1.723   ,-7.412   ,2.049   ,-1.723   ,-7.412   ,2.049   ,-1.474   ,-7.719   ,2.011   ,-1.474   ,-7.719   ,2.011   ,-1.379   ,-8.753   ,1.666   ,-2.164   ,-10.477   ,0.957   ,-1.819   ,-11.875   ,0.938   ,-1.819   ,-11.875   ,0.938   ,-1.992   ,-12.297   ,1.302   ,-2.087   ,-11.952   ,1.513   ,-2.087   ,-11.952   ,1.513   ,-1.877   ,-11.55   ,2.375   ,-1.819   ,-11.396   ,2.355   ,-1.589   ,-11.55   ,2.298   ,-1.589   ,-11.55   ,2.298   ,-1.283   ,-11.454   ,2.241   ,-1.283   ,-11.454   ,2.241   ,-1.034   ,-11.435   ,2.068   ,-1.168   ,-12.067   ,1.838   ,-1.781   ,-13.599   ,1.57   ,-1.781   ,-13.599   ,1.57   ,-1.992   ,-14.442   ,1.685   ,-1.992   ,-14.442   ,1.685   ,-2.719   ,-14.04   ,2.126   ,-2.968   ,-12.584   ,2.643   ,-6.704   ,-7.834   ,3.505   ,-8.37   ,-4.846   ,4.731   ,-4.999   ,-5.727   ,1.072   ,-4.999   ,-5.727   ,1.072   ,-1.053   ,-4.462   ,-0.249   ,-1.053   ,-4.462   ,-0.249   ,1.743   ,-5.573   ,-1.436   ,1.743   ,-5.573   ,-1.436   ,2.145   ,-6.435   ,-1.225   ,1.532   ,-8.332   ,0.306   ,1.532   ,-8.332   ,0.306   ,1.762   ,-9.098   ,0.842   ,3.332   ,-10.611   ,0.517   ,3.332   ,-10.611   ,0.517   ,0.229   ,-9.883   ,1.896   ,0.229   ,-9.883   ,1.896   ,-1.915   ,-9.213   ,2.164   ,-2.719   ,-9.385   ,1.723   ,-3.198   ,-9.538   ,2.106   ,-3.198   ,-9.538   ,2.106   ,-3.332   ,-9.423   ,1.953   ,-3.332   ,-9.423   ,1.953   ,-2.777   ,-9.423   ,1.877   ,-2.375   ,-9.423   ,1.781   ,-1.838   ,-9.557   ,1.666   ,-1.838   ,-9.557   ,1.666   ,-1.589   ,-9.634   ,1.647   ,-1.723   ,-9.672   ,1.513   ,-1.723   ,-9.672   ,1.513   ,-1.8   ,-9.768   ,1.666   ,-1.953   ,-9.807   ,1.57   ,-1.953   ,-9.807   ,1.57   ,-2.087   ,-9.692   ,1.34   ,-1.915   ,-9.385   ,2.336   ,-1.877   ,-9.385   ,1.685   ,-1.398   ,-9.423   ,2.604   ,-1.398   ,-9.423   ,2.604   ,-1.532   ,-9.557   ,1.838   ,-1.781   ,-9.826   ,1.704   ,-2.068   ,-9.826   ,1.436   ,-2.068   ,-9.826   ,1.436   ,-2.509   ,-9.711   ,0.804   ,-2.509   ,-9.711   ,0.804   ,-2.662   ,-9.577   ,0.996   ,-2.739   ,-9.462   ,0.785   ,-2.106   ,-9.27   ,1.053   ,-2.106   ,-9.27   ,1.053   ,-2.183   ,-9.328   ,-0.249   ,-1.819   ,-9.921   ,-3.256   ,-1.819   ,-9.921   ,-3.256   ,-0.076   ,-9.481   ,1.091   ,0.44   ,-11.933   ,-0.612   ,0.44   ,-11.933   ,-0.612   ,-2.815   ,-12.488   ,4.252   ,-3.639   ,-12.105   ,4.118   ,-2.221   ,-11.166   ,2.949   ,-1.474   ,-10.362   ,2.624   ,-1.474   ,-10.362   ,2.624   ,-0.804   ,-9.768   ,1.704   ,-0.593   ,-10.419   ,1.359   ,-0.593   ,-10.419   ,1.359   ,-1.838   ,-11.55   ,0.842   ,-1.838   ,-11.55   ,0.842   ,-1.034   ,-12.239   ,0.095   ,-1.034   ,-12.239   ,0.095   ,-1.11   ,-11.071   ,-0.517   ,-1.302   ,-10.4   ,-0.363   ,-1.302   ,-10.4   ,-0.363   ,-1.091   ,-8.868   ,-0.383   ,-1.034   ,-8.332   ,-0.229   ,-1.034   ,-8.332   ,-0.229   ,-1.359   ,-7.565   ,0.517   ,-1.359   ,-7.565   ,0.517   ,-1.359   ,-7.527   ,0.823   ,-1.398   ,-7.546   ,1.628   ,-1.398   ,-7.546   ,1.628   ,-1.666   ,-7.182   ,1.819   ,-1.666   ,-7.182   ,1.819   ,-2.03   ,-6.684   ,1.972   ,-2.03   ,-6.684   ,1.972   ,-1.992   ,-6.953   ,1.8   ,-1.589   ,-6.761   ,1.513   ,-1.628   ,-7.297   ,1.245   ,-1.628   ,-7.297   ,1.245   ,-1.8   ,-8.121   ,1.206   ,-1.8   ,-8.121   ,1.206   ,-1.915   ,-8.542   ,1.398   ,-2.394   ,-9.366   ,1.8   ,-2.394   ,-9.366   ,1.8   ,-2.547   ,-9.577   ,2.164   ,-2.451   ,-9.73   ,2.604   ,-2.451   ,-9.73   ,2.604   ,-2.202   ,-9.826   ,2.968   ,-1.723   ,-9.634   ,3.16   ,-1.723   ,-9.634   ,3.16   ,-1.57   ,-9.615   ,3.275   ,-1.57   ,-9.615   ,3.275   ,-1.532   ,-10.132   ,3.217   ,-1.091   ,-10.362   ,2.968   ,-0.919   ,-10.439   ,2.183   ,-0.919   ,-10.439   ,2.183   ,-0.689   ,-10.707   ,1.704   ,-0.67   ,-11.243   ,1.264   ,-0.842   ,-10.937   ,0.9   ,-0.842   ,-10.937   ,0.9   ,-1.206   ,-10.611   ,0.574   ,-1.608   ,-10.439   ,0.459   ,-1.608   ,-10.439   ,0.459   ,-2.183   ,-10.343   ,0.459   ,-2.317   ,-10.381   ,0.861   ,-2.911   ,-11.626   ,0.67   ,-2.911   ,-11.626   ,0.67   ,-2.126   ,-11.281   ,1.283   ,-2.126   ,-11.281   ,1.283   ,-0.651   ,-10.247   ,0.938   ,-0.191   ,-9.96   ,0.957   ,-0.191   ,-9.96   ,0.957   ,0.019   ,-10.075   ,0.651   ,-0.191   ,-10.228   ,0.268   ,-0.191   ,-10.228   ,0.268   ,-0.727   ,-10.151   ,-0.459   ,-1.13   ,-9.921   ,-0.651   ,-1.13   ,-9.921   ,-0.651   ,-1.494   ,-9.328   ,-0.881   ,-1.455   ,-8.945   ,-0.957   ,-1.283   ,-8.6   ,-0.708   ,-1.283   ,-8.6   ,-0.708   ,-0.823   ,-8.504   ,-0.191   ,0.114   ,-8.447   ,0.172   ,0.114   ,-8.447   ,0.172   ,0.306   ,-8.581   ,0.114   ,0.306   ,-8.581   ,0.114   ,0.057   ,-9.308   ,0.019   ,-0.498   ,-9.711   ,-0.057   ,-1.072   ,-10.132   ,0.153   ,-1.072   ,-10.132   ,0.153   ,-1.494   ,-10.19   ,0.325   ,-1.877   ,-10.285   ,0.306   ,-1.877   ,-10.285   ,0.306   ,-1.877   ,-10.19   ,0.44   ,-1.877   ,-10.19   ,0.44   ,-1.647   ,-9.979   ,0.536   ,-1.647   ,-9.979   ,0.536   ,-1.225   ,-10.017   ,0.766   ,-1.225   ,-10.017   ,0.766   ,-1.168   ,-9.979   ,0.842   ,-1.168   ,-9.979   ,0.842   ,-1.072   ,-10.036   ,1.015   ,-1.149   ,-10.036   ,0.919   ,-1.245   ,-10.132   ,0.842   ,-1.245   ,-10.132   ,0.842   ,-1.321   ,-9.998   ,0.957   ,-1.494   ,-9.979   ,0.785   ,-1.494   ,-9.979   ,0.785   ,-1.762   ,-9.768   ,0.574   ,-1.762   ,-9.768   ,0.574   ,-1.877   ,-9.749   ,0.287   ,-2.068   ,-9.596   ,0.229   ,-2.068   ,-9.615   ,-0.095   ,-2.068   ,-9.615   ,-0.095   ,-2.202   ,-9.347   ,-0.306   ,-2.202   ,-9.347   ,-0.306   ,-1.896   ,-9.481   ,-0.498   ,-1.743   ,-9.557   ,-0.593   ,-1.743   ,-9.557   ,-0.593   ,-1.857   ,-9.538   ,-0.612   ,-1.857   ,-9.538   ,-0.612   ,-1.972   ,-9.538   ,-0.689   ,-1.896   ,-9.653   ,-0.689   ,-1.896   ,-9.653   ,-0.689   ,-1.838   ,-9.692   ,-0.612   ,-1.589   ,-9.73   ,-0.555   ,-1.589   ,-9.73   ,-0.555   ,-1.455   ,-9.768   ,-0.555   ,-1.455   ,-9.768   ,-0.555   ,-1.283   ,-9.73   ,-0.574   ,-1.225   ,-9.672   ,-0.536   ,-1.398   ,-9.577   ,-0.612   ,-1.398   ,-9.577   ,-0.612   ,-1.647   ,-9.557   ,-0.574   ,-1.972   ,-9.615   ,-0.363   ,-2.164   ,-9.557   ,-0.249   ,-2.164   ,-9.557   ,-0.249   ,-2.355   ,-9.653   ,0.057   ,-2.394   ,-9.692   ,0.095   ,-2.355   ,-9.692   ,-0.095   ,-2.355   ,-9.692   ,-0.095   ,-2.336   ,-9.653   ,-0.134   ,-2.375   ,-9.577   ,-0.249   ,-2.432   ,-9.519   ,-0.249   ,-2.432   ,-9.519   ,-0.249   ,-2.49   ,-9.423   ,-0.287   ,-2.509   ,-9.289   ,-0.306   ,-2.528   ,-9.27   ,-0.421   ,-2.528   ,-9.27   ,-0.421   ,-2.547   ,-9.232   ,-0.402   ,-2.604   ,-9.366   ,-0.459   ,-2.624   ,-9.443   ,-0.459   ,-2.624   ,-9.519   ,-0.498   ,-2.624   ,-9.519   ,-0.498   ,-2.624   ,-9.557   ,-0.459   ,-2.509   ,-9.5   ,-0.44   ,-2.509   ,-9.5   ,-0.44   ,-2.394   ,-9.481   ,-0.459   ,-2.298   ,-9.5   ,-0.574   ,-2.298   ,-9.5   ,-0.574   ,-2.298   ,-9.538   ,-0.632   ,-2.298   ,-9.538   ,-0.632   ,-2.26   ,-9.481   ,-0.651   ,-2.26   ,-9.481   ,-0.651   ,-2.221   ,-9.366   ,-0.612   ,-2.221   ,-9.328   ,-0.555   ,-2.221   ,-9.328   ,-0.555   ,-2.183   ,-9.366   ,-0.574   ,-2.126   ,-9.538   ,-0.574   ,-2.126   ,-9.538   ,-0.574   ,-2.049   ,-9.634   ,-0.766   ,-2.049   ,-9.634   ,-0.766   ,-1.704   ,-9.807   ,-0.555   ,-1.704   ,-9.807   ,-0.555   ,-1.551   ,-9.845   ,-0.689   ,-1.379   ,-9.883   ,-0.842   ,-1.379   ,-9.883   ,-0.842   ,-1.302   ,-9.921   ,-0.957   ,-1.417   ,-10.075   ,-1.091   ,-1.417   ,-10.075   ,-1.091   ,-1.398   ,-10.151   ,-1.149   ,-1.589   ,-10.266   ,-1.168   ,-1.762   ,-10.266   ,-1.264   ,-2.26   ,-10.458   ,-1.264   ,-2.26   ,-10.458   ,-1.264   ,-2.719   ,-10.764   ,-1.264   ,-2.719   ,-10.764   ,-1.264   ,-3.16   ,-11.358   ,-0.976   ,-3.332   ,-11.684   ,-0.881   ,-3.332   ,-11.684   ,-0.881   ,-3.505   ,-11.99   ,-1.053   ,-3.543   ,-12.048   ,-1.034   ,-3.543   ,-12.048   ,-1.034   ,-3.332   ,-11.569   ,-0.804   ,-3.332   ,-11.569   ,-0.804   ,-3.179   ,-11.032   ,-0.804   ,-3.179   ,-11.032   ,-0.804   ,-3.237   ,-10.496   ,-0.747   ,-3.371   ,-10.324   ,-0.402   ,-3.371   ,-10.324   ,-0.402   ,-3.581   ,-10.056   ,-0.095   ,-3.658   ,-9.826   ,-0.21   ,-3.658   ,-9.481   ,-0.172   ,-3.658   ,-9.481   ,-0.172   ,-3.62   ,-9.385   ,0.134   ,-3.524   ,-9.481   ,0.421   ,-3.332   ,-9.462   ,0.517   ,-3.332   ,-9.462   ,0.517   ,-3.026   ,-9.27   ,0.517   ,-3.026   ,-9.27   ,0.517   ,-2.719   ,-9.117   ,0.938   ,-2.221   ,-9.136   ,1.915   ,-1.838   ,-9.251   ,2.355   ,-1.8   ,-9.577   ,2.432   ,-1.8   ,-9.577   ,2.432   ,-1.589   ,-9.845   ,2.183   ,-1.589   ,-9.845   ,2.183   ,-0.976   ,-10.362   ,1.762   ,-0.976   ,-10.362   ,1.762   ,-0.536   ,-10.573   ,1.589   ,-0.287   ,-10.994   ,1.206   ,-0.287   ,-10.994   ,1.206   ,-0.229   ,-11.071   ,0.861   ,-0.612   ,-11.262   ,0.823   ,-0.785   ,-11.454   ,0.632   ,-0.785   ,-11.454   ,0.632   ,-1.953   ,-11.492   ,0.498   ,-2.834   ,-11.779   ,1.283   ,-4.118   ,-11.741   ,1.762   ,-4.118   ,-11.741   ,1.762   ,-4.788   ,-11.128   ,2.011   ,-4.826   ,-10.132   ,2.087   ,-4.826   ,-10.132   ,2.087   ,-4.654   ,-9.423   ,1.723   ,-4.654   ,-9.423   ,1.723   ,-3.964   ,-8.542   ,1.283   ,-3.964   ,-8.542   ,1.283   ,-3.352   ,-8.255   ,0.976   ,-2.949   ,-8.6   ,1.187   ,-2.949   ,-8.6   ,1.187   ,-2.355   ,-8.408   ,1.187   ,-1.915   ,-8.676   ,1.647   ,-1.915   ,-8.676   ,1.647   ,-1.417   ,-8.408   ,1.666   ,-0.996   ,-8.619   ,2.087   ,-1.015   ,-8.427   ,2.509   ,-0.823   ,-8.102   ,2.585   ,-0.823   ,-8.102   ,2.585   ,-1.034   ,-8.37   ,2.509   ,-1.034   ,-8.37   ,2.509   ,-1.034   ,-7.585   ,2.298   ,-1.034   ,-7.508   ,2.145   ,-0.976   ,-7.182   ,1.819   ,-0.976   ,-7.182   ,1.819   ,-0.957   ,-7.106   ,1.704   ,-1.11   ,-6.972   ,1.685   ,-1.11   ,-6.972   ,1.685   ,-1.283   ,-6.818   ,1.8   ,-1.743   ,-6.838   ,1.857   ,-1.743   ,-6.838   ,1.857   ,-2.202   ,-6.914   ,2.068   ,-2.202   ,-6.914   ,2.068   ,-3.026   ,-6.914   ,2.279   ,-3.486   ,-6.895   ,2.394   ,-3.486   ,-6.895   ,2.394   ,-3.869   ,-6.895   ,2.336   ,-3.869   ,-6.895   ,2.336   ,-3.926   ,-6.914   ,2.317   ,-3.888   ,-7.087   ,2.355   ,-3.888   ,-7.087   ,2.355   ,-3.735   ,-7.221   ,2.432   ,-3.601   ,-7.565   ,2.528   ,-3.428   ,-7.891   ,2.681   ,-3.466   ,-8.638   ,3.007   ,-3.466   ,-8.638   ,3.007   ,-3.792   ,-9.366   ,3.141   ,-4.597   ,-10.496   ,2.968   ,-5.42   ,-10.898   ,2.739   ,-6.589   ,-10.86   ,2.547   ,-6.589   ,-10.86   ,2.547   ,-6.933   ,-10.477   ,2.662   ,-6.933   ,-10.477   ,2.662   ,-6.608   ,-10.151   ,3.083   ,-6.608   ,-10.151   ,3.083   ,-6.263   ,-10.113   ,3.85   ,-5.899   ,-10.841   ,5.573   ,-5.899   ,-10.841   ,5.573   ,-6.071   ,-12.335   ,6.454   ,-6.071   ,-12.335   ,6.454   ,-5.765   ,-15.629   ,6.148   ,-3.888   ,-16.089   ,5.209   ,-1.264   ,-14.71   ,2.317   ,-1.264   ,-14.71   ,2.317   ,0.057   ,-13.637   ,1.206   ,1.915   ,-11.55   ,1.608   ,2.03   ,-11.071   ,2.011   ,0.785   ,-9.902   ,3.352   ,0.785   ,-9.902   ,3.352   ,-0.306   ,-7.872   ,2.911   ,-1.723   ,-4.788   ,-0.076   ,-1.723   ,-4.788   ,-0.076   ,-1.8   ,-4.309   ,-1.436   ,-1.838   ,-5.152   ,-1.877   ,-2.068   ,-6.186   ,-2.126   ,-2.068   ,-6.186   ,-2.126   ,-3.007   ,-7.814   ,-2.681   ,-3.007   ,-7.814   ,-2.681   ,-3.773   ,-8.925   ,-2.355   ,-4.769   ,-10.17   ,-0.938   ,-4.769   ,-10.17   ,-0.938   ,-5.19   ,-11.071   ,0.153   ,-4.482   ,-12.373   ,0.325   ,-4.482   ,-12.373   ,0.325   ,-2.892   ,-12.086   ,-0.44   ,-2.892   ,-12.086   ,-0.44   ,-2.068   ,-10.783   ,-0.842   ,-0.747   ,-8.945   ,-0.612   ,-0.747   ,-8.945   ,-0.612   ,-0.114   ,-8.389   ,-0.478   ,-0.114   ,-8.389   ,-0.478   ,0.268   ,-8.447   ,-0.555   ,0.249   ,-8.696   ,-0.478   ,0.172   ,-9.385   ,-0.727   ,0.172   ,-9.385   ,-0.727   ,0.383   ,-9.749   ,-0.612   ,0.383   ,-9.749   ,-0.612   ,0.134   ,-9.692   ,-0.114   ,-0.478   ,-9.749   ,0.057   ,-0.478   ,-9.749   ,0.057   ,-1.608   ,-9.96   ,-0.076   ,-2.26   ,-9.921   ,-0.344   ,-2.968   ,-9.538   ,-0.785   ,-2.968   ,-9.538   ,-0.785   ,-3.256   ,-9.117   ,-0.804   ,-3.39   ,-8.676   ,-0.881   ,-3.371   ,-8.561   ,-0.727   ,-3.371   ,-8.561   ,-0.727   ,-3.275   ,-8.676   ,-0.344   ,-3.179   ,-8.734   ,-0.344   ,-3.179   ,-8.734   ,-0.344   ,-2.815   ,-8.964   ,-0.363   ,-2.815   ,-8.964   ,-0.363   ,-2.681   ,-9.194   ,-0.229   ,-2.413   ,-9.538   ,-0.153   ,-2.279   ,-9.538   ,-0.153   ,-2.279   ,-9.538   ,-0.153   ,-2.183   ,-9.366   ,-0.153   ,-2.26   ,-9.213   ,-0.306   ,-2.26   ,-9.213   ,-0.306   ,-2.413   ,-9.098   ,-0.421   ,-2.413   ,-9.098   ,-0.421   ,-2.604   ,-9.098   ,-0.478   ,-2.604   ,-9.098   ,-0.478   ,-2.624   ,-9.059   ,-0.498   ,-2.681   ,-9.04   ,-0.44   ,-2.681   ,-9.04   ,-0.44   ,-2.758   ,-9.04   ,-0.498   ,-2.815   ,-9.04   ,-0.555   ,-2.777   ,-9.021   ,-0.612   ,-2.777   ,-9.021   ,-0.612   ,-2.739   ,-9.059   ,-0.612   ,-2.585   ,-9.232   ,-0.574   ,-2.413   ,-9.423   ,-0.651   ,-2.413   ,-9.423   ,-0.651   ,-2.355   ,-9.826   ,-0.766   ,-2.413   ,-10.17   ,-0.919   ,-2.413   ,-10.17   ,-0.919   ,-2.375   ,-10.592   ,-1.264   ,-2.375   ,-10.592   ,-1.264   ,-2.317   ,-10.668   ,-1.245   ,-2.164   ,-10.764   ,-1.091   ,-2.164   ,-10.764   ,-1.091   ,-2.221   ,-10.783   ,-1.072   ,-2.221   ,-10.783   ,-1.072   ,-2.202   ,-10.707   ,-1.302   ,-2.221   ,-10.726   ,-1.436   ,-2.509   ,-10.764   ,-1.8   ,-2.509   ,-10.764   ,-1.8   ,-2.681   ,-10.937   ,-2.126   ,-3.237   ,-11.396   ,-2.968   ,-3.888   ,-11.894   ,-2.26   ,-3.888   ,-11.894   ,-2.26   ,-4.443   ,-11.741   ,-0.727   ,-4.443   ,-11.741   ,-0.727   ,-4.616   ,-11.166   ,-0.383   ,-4.692   ,-10.994   ,0.785   ,-4.692   ,-10.994   ,0.785   ,-4.539   ,-10.898   ,1.13   ,-4.118   ,-10.707   ,0.593   ,-3.715   ,-10.611   ,0.057   ,-3.715   ,-10.611   ,0.057   ,-3.256   ,-10.362   ,0.21   ,-3.256   ,-10.362   ,0.21   ,-3.102   ,-10.113   ,0.383   ,-3.102   ,-10.113   ,0.383   ,-2.7   ,-9.864   ,1.647   ,-2.7   ,-9.864   ,1.647   ,-2.298   ,-9.998   ,2.145   ,-1.436   ,-10.439   ,2.221   ,-1.034   ,-10.803   ,1.992   ,-1.034   ,-10.803   ,1.992   ,-0.076   ,-11.492   ,2.087   ,0.593   ,-11.952   ,2.739   ,1.628   ,-12.66   ,2.394   ,1.628   ,-12.66   ,2.394   ,1.494   ,-12.833   ,1.857   ,0.44   ,-12.967   ,0.919   ,-0.21   ,-13.273   ,0.766   ,-0.21   ,-13.273   ,0.766   ,-1.838   ,-12.699   ,0.842   ,-1.838   ,-12.699   ,0.842   ,-2.834   ,-12.028   ,1.225   ,-2.834   ,-12.028   ,1.225   ,-4.252   ,-10.113   ,1.225   ,-4.252   ,-10.113   ,1.225   ,-4.922   ,-8.715   ,0.996   ,-5.267   ,-7.661   ,0.766   ,-4.96   ,-6.972   ,0.517   ,-4.96   ,-6.972   ,0.517   ,-4.405   ,-6.589   ,0.325   ,-3.735   ,-7.546   ,0.229   ,-2.873   ,-8.121   ,1.283   ,-2.873   ,-8.121   ,1.283   ,-2.202   ,-8.715   ,1.685   ,-1.168   ,-7.949   ,2.049   ,-0.881   ,-8.408   ,2.106   ,-0.881   ,-8.408   ,2.106   ,-0.114   ,-7.451   ,1.781   ,0.038   ,-7.47   ,1.896   ,0.038   ,-7.47   ,1.896   ,0.114   ,-7.144   ,2.221   ,0.114   ,-7.144   ,2.221   ,0.0   ,-6.78   ,2.298   ,-0.402   ,-6.704   ,2.221   ,-0.747   ,-6.55   ,2.106   ,-0.747   ,-6.55   ,2.106   ,-0.861   ,-6.416   ,2.145   ,-0.785   ,-6.282   ,2.145   ,-0.517   ,-6.167   ,2.183   ,-0.517   ,-6.167   ,2.183   ,-0.44   ,-6.014   ,2.221   ,-0.804   ,-5.784   ,2.202   ,-1.417   ,-5.631   ,2.164   ,-1.417   ,-5.631   ,2.164   ,-2.853   ,-5.822   ,1.972   ,-3.907   ,-6.205   ,1.934   ,-3.907   ,-6.205   ,1.934   ,-5.152   ,-7.01   ,1.972   ,-5.152   ,-7.01   ,1.972   ,-5.631   ,-7.546   ,2.241   ,-5.956   ,-8.638   ,3.122   ,-6.416   ,-9.308   ,3.984   ,-6.416   ,-9.308   ,3.984   ,-7.623   ,-10.075   ,5.133   ,-8.408   ,-10.496   ,5.248   ,-8.964   ,-11.76   ,4.443   ,-8.964   ,-11.76   ,4.443   ,-8.619   ,-12.488   ,3.735   ,-7.68   ,-12.469   ,2.604   ,-6.972   ,-11.971   ,2.796   ,-6.972   ,-11.971   ,2.796   ,-6.416   ,-10.63   ,4.75   ,-6.454   ,-9.213   ,6.493   ,-6.454   ,-9.213   ,6.493   ,-5.976   ,-9.155   ,8.102   ,-5.976   ,-9.155   ,8.102   ,-6.301   ,-11.837   ,6.857   ,-2.432   ,-13.867   ,6.454   ,0.057   ,-14.155   ,4.846   ,0.057   ,-14.155   ,4.846   ,3.601   ,-14.097   ,1.053   ,3.601   ,-14.097   ,1.053   ,4.846   ,-13.273   ,0.019   ,2.604   ,-11.262   ,1.628   ,-1.206   ,-9.538   ,2.317   ,-4.29   ,-7.374   ,0.727   ,-4.29   ,-7.374   ,0.727   ,-4.137   ,-6.665   ,-0.727   ,-3.371   ,-5.305   ,-0.172   ,-2.394   ,-4.941   ,-0.957   ,-2.394   ,-4.941   ,-0.957   ,-2.202   ,-5.803   ,-3.083   ,-2.202   ,-5.803   ,-3.083   ,-3.064   ,-6.818   ,-3.792   ,-3.792   ,-8.964   ,-3.371   ,-3.792   ,-8.964   ,-3.371   ,-3.888   ,-10.783   ,-2.873   ,-3.888   ,-10.783   ,-2.873   ,-4.003   ,-13.273   ,-1.57   ,-3.85   ,-13.369   ,-0.363   ,-2.719   ,-10.649   ,0.344   ,-2.719   ,-10.649   ,0.344   ,-1.513   ,-9.021   ,0.44   ,-0.172   ,-7.834   ,0.363   ,0.095   ,-7.7   ,0.498   ,0.095   ,-7.7   ,0.498   ,-0.076   ,-8.466   ,0.191   ,-0.076   ,-9.251   ,-0.268   ,-0.076   ,-9.251   ,-0.268   ,-0.498   ,-9.768   ,-0.498   ,-0.498   ,-9.768   ,-0.498   ,-0.785   ,-9.826   ,-0.612   ,-0.938   ,-9.73   ,-0.057   ,-0.938   ,-9.73   ,-0.057   ,-1.187   ,-9.5   ,-0.019   ,-1.187   ,-9.5   ,-0.019   ,-1.762   ,-9.519   ,0.019   ,-2.413   ,-9.328   ,-0.229   ,-3.217   ,-9.002   ,-0.421   ,-3.677   ,-8.734   ,-0.402   ,-4.233   ,-8.485   ,-0.555   ,-4.233   ,-8.485   ,-0.555   ,-4.367   ,-8.638   ,-0.459   ,-4.367   ,-8.638   ,-0.459   ,-4.271   ,-8.734   ,-0.459   ,-4.041   ,-8.696   ,-0.21   ,-4.041   ,-8.696   ,-0.21   ,-3.581   ,-8.619   ,0.114   ,-3.581   ,-8.619   ,0.114   ,-3.198   ,-8.6   ,0.114   ,-2.777   ,-8.676   ,-0.095   ,-2.777   ,-8.676   ,-0.095   ,-2.566   ,-8.734   ,-0.344   ,-2.566   ,-8.734   ,-0.344   ,-2.451   ,-8.906   ,-0.498   ,-2.528   ,-8.945   ,-0.632   ,-2.528   ,-8.945   ,-0.632   ,-2.7   ,-9.079   ,-0.766   ,-2.7   ,-9.079   ,-0.766   ,-2.624   ,-9.174   ,-0.976   ,-2.26   ,-9.481   ,-0.9   ,-1.934   ,-9.711   ,-0.612   ,-1.513   ,-10.036   ,-0.325   ,-1.359   ,-10.362   ,-0.421   ,-1.359   ,-10.362   ,-0.421   ,-1.359   ,-10.726   ,-0.708   ,-1.57   ,-10.975   ,-0.823   ,-2.011   ,-11.032   ,-1.015   ,-2.011   ,-11.032   ,-1.015   ,-2.47   ,-10.783   ,-1.302   ,-2.47   ,-10.783   ,-1.302   ,-2.681   ,-10.4   ,-1.666   ,-2.815   ,-9.864   ,-2.068   ,-2.988   ,-9.864   ,-2.126   ,-2.988   ,-9.864   ,-2.126   ,-4.022   ,-10.094   ,-1.8   ,-4.482   ,-10.822   ,-1.359   ,-5.075   ,-12.201   ,-1.34   ,-5.075   ,-12.201   ,-1.34   ,-5.822   ,-12.699   ,0.574   ,-6.052   ,-12.45   ,0.134   ,-6.052   ,-12.45   ,0.134   ,-5.803   ,-11.894   ,-0.229   ,-5.803   ,-11.894   ,-0.229   ,-4.711   ,-11.435   ,0.976   ,-4.079   ,-11.186   ,1.34   ,-3.562   ,-10.822   ,0.747   ,-3.562   ,-10.822   ,0.747   ,-3.141   ,-10.707   ,1.187   ,-2.049   ,-10.764   ,1.838   ,-1.379   ,-10.707   ,2.106   ,-1.379   ,-10.707   ,2.106   ,-0.747   ,-10.496   ,1.628   ,-0.747   ,-10.496   ,1.628   ,-0.498   ,-10.554   ,1.685   ,0.172   ,-11.09   ,1.685   ,0.172   ,-11.09   ,1.685   ,1.015   ,-11.741   ,1.743   ,0.229   ,-12.411   ,1.628   ,-0.766   ,-12.756   ,1.379   ,-0.766   ,-12.756   ,1.379   ,-1.704   ,-13.925   ,1.762   ,-2.719   ,-13.561   ,1.57   ,-3.581   ,-11.607   ,0.517   ,-3.581   ,-11.607   ,0.517   ,-3.83   ,-10.534   ,0.536   ,-4.079   ,-8.427   ,0.766   ,-4.118   ,-7.336   ,0.44   ,-4.118   ,-7.336   ,0.44   ,-4.06   ,-6.435   ,0.095   ,-4.06   ,-6.225   ,0.134   ,-3.869   ,-6.972   ,0.095   ,-3.869   ,-6.972   ,0.095   ,-3.466   ,-7.7   ,0.478   ,-3.466   ,-7.7   ,0.478   ,-2.681   ,-8.217   ,1.436   ,-1.743   ,-8.37   ,1.762   ,-1.743   ,-8.37   ,1.762   ,-0.612   ,-8.485   ,1.359   ,0.019   ,-8.427   ,1.149   ,0.268   ,-7.853   ,0.976   ,0.268   ,-7.853   ,0.976   ,0.478   ,-7.795   ,1.628   ,0.172   ,-7.106   ,2.068   ,0.134   ,-7.029   ,2.164   ,0.134   ,-7.029   ,2.164   ,-0.249   ,-6.493   ,1.819   ,-0.402   ,-6.454   ,1.685   ,-0.747   ,-6.301   ,1.896   ,-0.747   ,-6.301   ,1.896   ,-0.957   ,-6.033   ,2.202   ,-1.417   ,-5.937   ,2.566   ,-1.417   ,-5.937   ,2.566   ,-1.896   ,-5.995   ,2.604   ,-1.896   ,-5.995   ,2.604   ,-2.93   ,-6.014   ,2.49   ,-3.696   ,-6.34   ,2.432   ,-4.577   ,-6.838   ,2.585   ,-4.577   ,-6.838   ,2.585   ,-4.846   ,-7.163   ,2.815   ,-4.903   ,-7.776   ,3.313   ,-4.96   ,-8.332   ,3.524   ,-4.96   ,-8.332   ,3.524   ,-5.401   ,-9.538   ,3.62   ,-5.88   ,-10.554   ,3.581   ,-7.106   ,-11.722   ,3.237   ,-7.106   ,-11.722   ,3.237   ,-8.102   ,-12.067   ,2.873   ,-9.002   ,-12.067   ,2.585   ,-9.098   ,-11.703   ,2.719   ,-9.098   ,-11.703   ,2.719   ,-8.083   ,-10.764   ,3.447   ,-7.585   ,-9.979   ,4.558   ,-6.646   ,-9.002   ,6.569   ,-6.646   ,-9.002   ,6.569   ,-5.918   ,-9.577   ,7.929   ,-5.439   ,-13.771   ,6.569   ,-2.547   ,-14.863   ,5.88   ,-2.547   ,-14.863   ,5.88   ,1.589   ,-14.902   ,2.911   ,3.639   ,-13.944   ,0.478   ,4.788   ,-11.415   ,-0.153   ,4.788   ,-11.415   ,-0.153   ,3.83   ,-10.285   ,1.455   ,-0.402   ,-8.255   ,2.777   ,-1.934   ,-7.776   ,1.723   ,-1.934   ,-7.776   ,1.723   ,-2.662   ,-7.412   ,-0.363   ,-2.758   ,-6.512   ,-0.593   ,-2.068   ,-5.554   ,-3.102   ,-2.068   ,-5.554   ,-3.102   ,-2.317   ,-6.052   ,-5.401   ,-3.237   ,-8.868   ,-6.416   ,-3.85   ,-10.994   ,-4.52   ,-3.85   ,-10.994   ,-4.52   ,-4.731   ,-12.603   ,-1.379   ,-5.209   ,-12.258   ,-0.708   ,-4.118   ,-10.036   ,0.0   ,-4.118   ,-10.036   ,0.0   ,-2.47   ,-9.021   ,0.229   ,-0.612   ,-8.351   ,0.21   ,0.095   ,-8.178   ,0.383   ,0.095   ,-8.178   ,0.383   ,1.034   ,-8.676   ,1.053   ,1.551   ,-8.887   ,1.321   ,1.838   ,-9.711   ,0.632   ,1.838   ,-9.711   ,0.632   ,1.934   ,-10.515   ,0.517   ,0.498   ,-10.515   ,-0.383   ,0.498   ,-10.515   ,-0.383   ,-0.689   ,-10.228   ,-0.517   ,-0.689   ,-10.228   ,-0.517   ,-2.375   ,-9.692   ,-0.747   ,-3.428   ,-9.136   ,-0.861   ,-4.769   ,-8.447   ,-0.536   ,-4.769   ,-8.447   ,-0.536   ,-5.056   ,-8.274   ,-0.019   ,-5.344   ,-8.447   ,-0.114   ,-5.305   ,-8.447   ,-0.287   ,-5.305   ,-8.447   ,-0.287   ,-4.635   ,-8.676   ,-0.459   ,-4.003   ,-8.734   ,-0.344   ,-3.179   ,-8.715   ,-0.229   ,-3.179   ,-8.715   ,-0.229   ,-2.739   ,-8.715   ,-0.268   ,-2.298   ,-8.83   ,-0.498   ,-2.279   ,-8.81   ,-0.651   ,-2.279   ,-8.81   ,-0.651   ,-2.432   ,-8.849   ,-0.555   ,-2.432   ,-8.945   ,-0.517   ,-2.221   ,-9.155   ,-0.536   ,-2.221   ,-9.155   ,-0.536   ,-2.106   ,-9.308   ,-0.67   ,-1.743   ,-9.519   ,-0.249   ,-1.608   ,-9.634   ,-0.057   ,-1.608   ,-9.634   ,-0.057   ,-1.494   ,-9.768   ,-0.363   ,-1.685   ,-9.807   ,-0.708   ,-2.011   ,-10.113   ,-1.264   ,-2.011   ,-10.113   ,-1.264   ,-2.164   ,-10.228   ,-1.551   ,-2.681   ,-10.266   ,-1.838   ,-2.7   ,-10.419   ,-1.934   ,-2.7   ,-10.419   ,-1.934   ,-2.451   ,-10.515   ,-1.666   ,-2.26   ,-10.554   ,-1.359   ,-2.355   ,-10.841   ,-1.245   ,-2.355   ,-10.841   ,-1.245   ,-3.428   ,-10.477   ,-1.647   ,-3.85   ,-10.707   ,-0.881   ,-3.85   ,-10.707   ,-0.881   ,-3.85   ,-10.783   ,-0.076   ,-4.137   ,-11.071   ,-1.647   ,-4.539   ,-11.664   ,-0.996   ,-4.539   ,-11.664   ,-0.996   ,-5.458   ,-12.297   ,0.842   ,-5.458   ,-12.297   ,0.842   ,-5.363   ,-12.086   ,-0.038   ,-4.826   ,-11.818   ,0.708   ,-4.309   ,-11.626   ,1.666   ,-4.309   ,-11.626   ,1.666   ,-3.735   ,-10.937   ,1.436   ,-3.256   ,-10.707   ,1.168   ,-2.241   ,-10.496   ,1.245   ,-2.241   ,-10.496   ,1.245   ,-1.589   ,-10.439   ,1.628   ,-0.996   ,-10.343   ,1.685   ,-0.996   ,-10.343   ,1.685   ,-0.957   ,-10.343   ,1.359   ,-0.957   ,-10.343   ,1.359   ,-0.804   ,-10.554   ,1.091   ,-0.21   ,-11.052   ,1.283   ,0.976   ,-12.277   ,1.8   ,0.976   ,-12.277   ,1.8   ,0.325   ,-13.331   ,2.49   ,-1.149   ,-14.595   ,2.241   ,-1.685   ,-15.112   ,2.145   ,-1.685   ,-15.112   ,2.145   ,-2.432   ,-13.982   ,1.628   ,-2.528   ,-12.22   ,0.957   ,-2.585   ,-9.404   ,0.517   ,-2.585   ,-9.404   ,0.517   ,-2.47   ,-7.757   ,0.421   ,-2.968   ,-6.282   ,-0.421   ,-3.486   ,-5.976   ,-0.363   ,-3.486   ,-5.976   ,-0.363   ,-4.309   ,-6.167   ,-0.268   ,-4.309   ,-6.167   ,-0.268   ,-4.577   ,-7.431   ,0.478   ,-4.577   ,-7.431   ,0.478   ,-4.137   ,-8.255   ,0.804   ,-4.137   ,-8.255   ,0.804   ,-3.256   ,-8.734   ,0.861   ,-1.494   ,-8.81   ,1.091   ,-1.494   ,-8.81   ,1.091   ,-0.191   ,-8.427   ,0.67   ,-0.191   ,-8.427   ,0.67   ,0.459   ,-8.657   ,1.283   ,0.517   ,-8.14   ,1.015   ,0.517   ,-8.14   ,1.015   ,0.823   ,-7.278   ,1.608   ,0.823   ,-7.278   ,1.608   ,1.206   ,-6.799   ,1.915   ,1.225   ,-5.765   ,1.723   ,1.225   ,-5.765   ,1.723   ,0.785   ,-5.497   ,1.608   ,0.306   ,-5.669   ,1.723   ,-0.229   ,-5.784   ,1.877   ,-1.13   ,-5.822   ,2.087   ,-1.13   ,-5.822   ,2.087   ,-1.743   ,-5.803   ,2.183   ,-2.853   ,-5.899   ,2.164   ,-3.792   ,-6.301   ,2.451   ,-3.792   ,-6.301   ,2.451   ,-4.194   ,-6.646   ,2.7   ,-4.309   ,-7.202   ,3.122   ,-4.348   ,-7.776   ,3.447   ,-4.348   ,-7.776   ,3.447   ,-4.52   ,-8.925   ,4.156   ,-4.96   ,-9.902   ,4.443   ,-6.378   ,-11.147   ,4.52   ,-6.378   ,-11.147   ,4.52   ,-7.623   ,-11.722   ,4.079   ,-8.945   ,-12.277   ,3.237   ,-9.04   ,-12.239   ,2.911   ,-9.04   ,-12.239   ,2.911   ,-8.006   ,-11.779   ,2.968   ,-7.067   ,-11.377   ,3.811   ,-6.091   ,-10.285   ,5.458   ,-6.091   ,-10.285   ,5.458   ,-5.401   ,-9.749   ,7.01   ,-5.784   ,-13.063   ,6.933   ,-5.784   ,-13.063   ,6.933   ,-4.558   ,-15.629   ,6.071   ,-4.558   ,-15.629   ,6.071   ,-0.076   ,-16.012   ,4.309   ,2.183   ,-15.246   ,2.049   ,2.183   ,-15.246   ,2.049   ,4.501   ,-12.354   ,0.344   ,4.501   ,-12.354   ,0.344   ,4.654   ,-10.515   ,1.053   ,1.551   ,-9.692   ,3.486   ,-0.689   ,-8.351   ,3.773   ,-0.689   ,-8.351   ,3.773   ,-2.183   ,-5.803   ,1.494   ,-1.723   ,-4.846   ,-0.191   ,-1.359   ,-4.711   ,-2.873   ,-1.359   ,-4.711   ,-2.873   ,-1.455   ,-5.114   ,-4.443   ,-2.547   ,-6.799   ,-5.688   ,-3.179   ,-8.198   ,-5.516   ,-3.179   ,-8.198   ,-5.516   ,-4.022   ,-10.17   ,-3.179   ,-4.271   ,-11.645   ,-1.359   ,-4.271   ,-11.645   ,-1.359   ,-4.309   ,-13.216   ,0.287   ,-4.309   ,-13.216   ,0.287   ,-3.907   ,-12.929   ,0.459   ,-2.509   ,-10.554   ,-0.363   ,-1.206   ,-9.079   ,0.153   ,-1.206   ,-9.079   ,0.153   ,0.114   ,-7.795   ,1.168   ,0.842   ,-7.795   ,1.398   ,0.842   ,-7.795   ,1.398   ,1.206   ,-8.925   ,1.091   ,1.206   ,-8.925   ,1.091   ,0.747   ,-9.864   ,0.536   ,-0.114   ,-10.362   ,-0.459   ,-0.517   ,-10.458   ,-0.727   ,-0.517   ,-10.458   ,-0.727   ,-1.149   ,-9.73   ,-0.306   ,-1.877   ,-9.519   ,-0.383   ,-2.604   ,-9.213   ,-0.517   ,-2.604   ,-9.213   ,-0.517   ,-3.007   ,-8.925   ,-0.363   ,-3.332   ,-8.542   ,-0.459   ,-3.313   ,-8.408   ,-0.651   ,-3.313   ,-8.408   ,-0.651   ,-3.217   ,-8.408   ,-0.957   ,-2.949   ,-8.523   ,-0.689   ,-2.509   ,-8.906   ,-0.306   ,-2.509   ,-8.906   ,-0.306   ,-2.145   ,-9.021   ,0.095   ,-1.915   ,-8.925   ,0.287   ,-1.8   ,-8.964   ,0.172   ,-1.8   ,-8.964   ,0.172   ,-1.819   ,-9.021   ,-0.21   ,-1.992   ,-9.059   ,-0.383   ,-2.355   ,-9.136   ,-0.632   ,-2.355   ,-9.136   ,-0.632   ,-2.375   ,-9.194   ,-0.593   ,-2.26   ,-9.27   ,-0.536   ,-2.03   ,-9.385   ,-0.612   ,-2.03   ,-9.385   ,-0.612   ,-1.762   ,-9.577   ,-0.536   ,-1.666   ,-9.787   ,-0.21   ,-1.628   ,-10.132   ,-0.344   ,-1.628   ,-10.132   ,-0.344   ,-1.57   ,-10.362   ,-0.708   ,-1.857   ,-10.611   ,-1.11   ,-2.164   ,-10.707   ,-1.264   ,-2.164   ,-10.707   ,-1.264   ,-2.47   ,-10.783   ,-1.455   ,-2.7   ,-10.803   ,-1.34   ,-2.949   ,-10.611   ,-1.264   ,-2.949   ,-10.611   ,-1.264   ,-3.198   ,-10.419   ,-1.379   ,-3.428   ,-10.305   ,-1.264   ,-3.696   ,-10.362   ,-0.996   ,-3.696   ,-10.362   ,-0.996   ,-3.945   ,-10.611   ,-0.593   ,-4.06   ,-10.937   ,-1.417   ,-4.616   ,-11.894   ,-0.191   ,-4.616   ,-11.894   ,-0.191   ,-5.037   ,-12.201   ,1.149   ,-4.673   ,-11.76   ,-0.459   ,-4.348   ,-11.53   ,-0.498   ,-4.348   ,-11.53   ,-0.498   ,-3.62   ,-11.473   ,0.938   ,-3.16   ,-11.281   ,1.608   ,-2.413   ,-11.186   ,1.838   ,-2.413   ,-11.186   ,1.838   ,-1.494   ,-11.09   ,2.087   ,-0.153   ,-11.013   ,2.336   ,0.076   ,-10.764   ,2.26   ,0.076   ,-10.764   ,2.26   ,0.057   ,-10.611   ,1.666   ,0.076   ,-11.013   ,1.359   ,0.076   ,-11.013   ,1.359   ,0.632   ,-12.009   ,1.149   ,0.632   ,-12.009   ,1.149   ,0.363   ,-12.622   ,1.704   ,-0.861   ,-13.139   ,1.934   ,-1.455   ,-13.618   ,1.723   ,-1.455   ,-13.618   ,1.723   ,-1.934   ,-13.752   ,1.934   ,-1.934   ,-13.752   ,1.934   ,-2.164   ,-13.197   ,1.685   ,-2.241   ,-11.473   ,1.168   ,-2.241   ,-11.473   ,1.168   ,-2.662   ,-9.883   ,0.747   ,-2.796   ,-7.719   ,0.785   ,-2.892   ,-6.838   ,0.268   ,-2.892   ,-6.838   ,0.268   ,-3.217   ,-6.32   ,-0.153   ,-3.505   ,-6.071   ,-0.114   ,-3.505   ,-6.071   ,-0.114   ,-3.677   ,-6.454   ,0.095   ,-3.294   ,-7.106   ,0.708   ,-2.068   ,-8.159   ,1.896   ,-1.225   ,-8.753   ,1.915   ,-1.225   ,-8.753   ,1.915   ,-0.057   ,-8.925   ,1.743   ,0.459   ,-8.485   ,1.436   ,0.459   ,-8.485   ,1.436   ,0.612   ,-8.312   ,0.823   ,0.612   ,-8.312   ,0.823   ,0.517   ,-7.259   ,1.302   ,0.612   ,-6.052   ,1.666   ,0.612   ,-6.052   ,1.666   ,0.689   ,-5.727   ,1.685   ,0.689   ,-5.727   ,1.685   ,0.536   ,-5.516   ,1.628   ,0.421   ,-5.439   ,1.647   ,-0.038   ,-5.573   ,1.857   ,-0.038   ,-5.573   ,1.857   ,-0.536   ,-5.727   ,1.953   ,-1.398   ,-5.956   ,2.106   ,-2.164   ,-6.186   ,2.183   ,-2.164   ,-6.186   ,2.183   ,-3.486   ,-6.742   ,2.355   ,-4.328   ,-7.278   ,2.49   ,-5.114   ,-8.083   ,2.853   ,-5.114   ,-8.083   ,2.853   ,-5.401   ,-8.504   ,3.332   ,-5.593   ,-9.289   ,4.118   ,-5.842   ,-9.921   ,4.577   ,-5.842   ,-9.921   ,4.577   ,-6.301   ,-11.147   ,4.999   ,-6.838   ,-12.048   ,5.248   ,-6.838   ,-12.048   ,5.248   ,-7.757   ,-13.139   ,5.037   ,-8.178   ,-13.446   ,4.692   ,-7.297   ,-13.082   ,3.945   ,-6.205   ,-12.469   ,4.041   ,-6.205   ,-12.469   ,4.041   ,-5.229   ,-10.649   ,5.765   ,-4.922   ,-8.868   ,7.067   ,-4.367   ,-8.619   ,8.351   ,-4.367   ,-8.619   ,8.351   ,-4.462   ,-11.301   ,6.512   ,-0.823   ,-13.81   ,5.075   ,1.57   ,-14.193   ,3.026   ,1.57   ,-14.193   ,3.026   ,4.156   ,-13.12   ,-0.823   ,4.597   ,-11.933   ,-1.474   ,3.122   ,-10.554   ,1.857   ,3.122   ,-10.554   ,1.857   ,-0.689   ,-9.194   ,3.217   ,-0.689   ,-9.194   ,3.217   ,-4.06   ,-7.776   ,2.528   ,-4.367   ,-6.933   ,0.881   ,-4.367   ,-6.933   ,0.881   ,-3.505   ,-5.401   ,-1.934   ,-2.892   ,-5.171   ,-5.018   ,-2.892   ,-5.171   ,-5.018   ,-3.179   ,-6.014   ,-6.148   ,-3.62   ,-7.853   ,-5.727   ,-3.581   ,-10.688   ,-3.371   ,-3.581   ,-12.641   ,-1.168   ,-3.581   ,-12.641   ,-1.168   ,-3.428   ,-13.159   ,0.21   ,-2.7   ,-12.431   ,0.67   ,-0.804   ,-9.672   ,0.785   ,-0.804   ,-9.672   ,0.785   ,0.344   ,-7.872   ,0.44   ,0.9   ,-7.546   ,0.67   ,1.436   ,-7.853   ,0.804   ,1.436   ,-7.853   ,0.804   ,1.264   ,-8.676   ,0.9   ,0.517   ,-9.538   ,0.019   ,0.517   ,-9.538   ,0.019   ,0.21   ,-10.113   ,-0.076   ,0.21   ,-10.113   ,-0.076   ,-0.363   ,-10.056   ,-0.287   ,-0.689   ,-9.883   ,-0.019   ,-1.647   ,-9.462   ,-0.325   ,-1.647   ,-9.462   ,-0.325   ,-2.317   ,-9.155   ,-0.325   ,-3.428   ,-8.868   ,-0.249   ,-3.984   ,-8.849   ,-0.325   ,-3.984   ,-8.849   ,-0.325   ,-4.405   ,-8.791   ,-0.383   ,-4.405   ,-8.791   ,-0.383   ,-4.443   ,-8.734   ,-0.287   ,-4.616   ,-8.447   ,-0.191   ,-4.616   ,-8.447   ,-0.191   ,-4.482   ,-8.447   ,-0.038   ,-3.486   ,-8.81   ,-0.421   ,-3.102   ,-8.791   ,-0.498   ,-3.102   ,-8.791   ,-0.498   ,-2.547   ,-8.849   ,-0.517   ,-2.547   ,-8.849   ,-0.517   ,-2.241   ,-8.906   ,-0.632   ,-2.145   ,-8.983   ,-0.632   ,-2.145   ,-8.983   ,-0.632   ,-2.202   ,-9.059   ,-0.498   ,-2.068   ,-9.27   ,-0.325   ,-2.03   ,-9.366   ,-0.478   ,-2.03   ,-9.366   ,-0.478   ,-1.819   ,-9.711   ,-0.402   ,-1.685   ,-10.036   ,-0.268   ,-1.532   ,-10.515   ,-0.344   ,-1.532   ,-10.515   ,-0.344   ,-1.666   ,-10.63   ,-0.517   ,-1.704   ,-10.783   ,-1.168   ,-1.704   ,-10.783   ,-1.168   ,-1.896   ,-10.783   ,-1.302   ,-1.896   ,-10.783   ,-1.302   ,-2.221   ,-10.592   ,-0.976   ,-2.394   ,-10.477   ,-0.938   ,-3.007   ,-10.458   ,-1.206   ,-3.007   ,-10.458   ,-1.206   ,-3.62   ,-10.4   ,-1.283   ,-4.52   ,-10.611   ,-1.11   ,-4.826   ,-11.128   ,-1.168   ,-4.826   ,-11.128   ,-1.168   ,-5.209   ,-12.009   ,-1.8   ,-5.573   ,-12.584   ,0.153   ,-5.688   ,-12.852   ,0.996   ,-5.688   ,-12.852   ,0.996   ,-5.305   ,-12.411   ,0.038   ,-4.137   ,-12.201   ,1.264   ,-3.428   ,-11.875   ,1.723   ,-3.428   ,-11.875   ,1.723   ,-2.585   ,-11.55   ,1.666   ,-1.781   ,-11.301   ,1.762   ,-0.498   ,-10.994   ,2.777   ,-0.498   ,-10.994   ,2.777   ,-0.21   ,-10.285   ,2.375   ,-0.268   ,-9.577   ,0.842   ,-0.191   ,-9.653   ,0.517   ,-0.191   ,-9.653   ,0.517   ,0.153   ,-10.611   ,0.421   ,0.421   ,-12.105   ,1.187   ,-1.264   ,-12.641   ,1.551   ,-1.264   ,-12.641   ,1.551   ,-2.106   ,-13.12   ,1.436   ,-1.992   ,-14.384   ,1.685   ,-2.145   ,-13.388   ,1.762   ,-2.145   ,-13.388   ,1.762   ,-2.49   ,-11.32   ,1.436   ,-2.49   ,-9.96   ,1.053   ,-2.7   ,-8.121   ,0.612   ,-2.7   ,-8.121   ,0.612   ,-2.739   ,-6.991   ,0.268   ,-2.739   ,-6.991   ,0.268   ,-3.122   ,-5.976   ,0.153   ,-3.122   ,-5.976   ,0.153   ,-3.524   ,-5.956   ,0.402   ,-3.524   ,-5.956   ,0.402   ,-3.945   ,-6.665   ,1.11   ,-3.907   ,-7.776   ,0.747   ,-3.294   ,-8.581   ,1.091   ,-3.294   ,-8.581   ,1.091   ,-2.528   ,-9.059   ,0.919   ,-1.072   ,-8.906   ,0.747   ,-1.072   ,-8.906   ,0.747   ,-0.459   ,-8.619   ,0.593   ,-0.459   ,-8.619   ,0.593   ,0.229   ,-7.968   ,0.172   ,0.402   ,-7.795   ,0.459   ,0.574   ,-6.876   ,0.976   ,0.574   ,-6.876   ,0.976   ,0.555   ,-6.914   ,1.321   ,0.344   ,-6.167   ,1.513   ,0.191   ,-6.148   ,1.57   ,0.191   ,-6.148   ,1.57   ,-0.095   ,-5.995   ,1.743   ,-0.383   ,-5.995   ,2.106   ,-1.034   ,-5.995   ,2.317   ,-1.034   ,-5.995   ,2.317   ,-1.723   ,-5.861   ,2.49   ,-2.681   ,-6.397   ,2.375   ,-3.179   ,-7.029   ,2.547   ,-3.179   ,-7.029   ,2.547   ,-3.715   ,-8.025   ,3.141   ,-3.754   ,-8.81   ,3.677   ,-4.137   ,-9.787   ,4.539   ,-4.137   ,-9.787   ,4.539   ,-4.577   ,-10.305   ,4.96   ,-5.707   ,-11.224   ,5.458   ,-6.359   ,-11.76   ,5.209   ,-6.359   ,-11.76   ,5.209   ,-7.719   ,-11.952   ,4.673   ,-8.236   ,-11.779   ,4.022   ,-8.236   ,-11.779   ,4.022   ,-7.336   ,-11.799   ,3.026   ,-7.336   ,-11.799   ,3.026   ,-6.225   ,-11.894   ,3.696   ,-5.056   ,-10.63   ,5.707   ,-5.056   ,-8.715   ,6.378   ,-5.056   ,-8.715   ,6.378   ,-4.711   ,-6.435   ,6.665   ,-4.175   ,-8.351   ,5.765   ,-2.509   ,-13.139   ,3.639   ,-2.509   ,-13.139   ,3.639   ,0.67   ,-14.346   ,3.428   ,3.198   ,-14.48   ,0.593   ,3.715   ,-13.791   ,-1.13   ,3.715   ,-13.791   ,-1.13   ,2.873   ,-13.254   ,0.976   ,0.153   ,-11.588   ,4.865   ,-3.466   ,-8.753   ,3.964   ,-3.466   ,-8.753   ,3.964   ,-3.543   ,-8.236   ,1.896   ,-2.413   ,-7.029   ,1.743   ,-2.413   ,-7.029   ,1.743   ,-1.053   ,-5.305   ,1.513   ,-1.053   ,-5.305   ,1.513   ,-0.134   ,-4.443   ,-2.892   ,-0.938   ,-4.922   ,-4.788   ,-2.241   ,-7.47   ,-5.363   ,-2.241   ,-7.47   ,-5.363   ,-2.796   ,-10.113   ,-5.19   ,-3.141   ,-13.408   ,-3.428   ,-3.237   ,-14.193   ,-2.394   ,-3.237   ,-14.193   ,-2.394   ,-3.466   ,-11.588   ,-0.708   ,-2.7   ,-9.462   ,0.21   ,-0.804   ,-8.351   ,0.172   ,-0.804   ,-8.351   ,0.172   ,-0.249   ,-7.987   ,0.019   ,0.727   ,-8.312   ,0.976   ,0.727   ,-8.312   ,0.976   ,1.436   ,-8.964   ,1.417   ,1.743   ,-9.73   ,1.206   ,1.302   ,-10.17   ,0.498   ,1.302   ,-10.17   ,0.498   ,0.555   ,-10.745   ,0.44   ,0.555   ,-10.745   ,0.44   ,-0.268   ,-10.343   ,0.21   ,-1.589   ,-9.519   ,-0.095   ,-2.432   ,-9.136   ,-0.574   ,-2.432   ,-9.136   ,-0.574   ,-3.907   ,-8.734   ,-0.919   ,-3.907   ,-8.734   ,-0.919   ,-4.558   ,-8.619   ,-0.689   ,-4.96   ,-8.523   ,-0.344   ,-4.96   ,-8.523   ,-0.344   ,-5.114   ,-8.657   ,0.0   ,-4.75   ,-8.638   ,0.114   ,-4.022   ,-8.657   ,0.038   ,-4.022   ,-8.657   ,0.038   ,-3.045   ,-8.772   ,-0.229   ,-2.604   ,-8.81   ,-0.363   ,-2.049   ,-9.04   ,-0.478   ,-2.049   ,-9.04   ,-0.478   ,-1.857   ,-9.079   ,-0.478   ,-1.953   ,-8.964   ,-0.612   ,-2.011   ,-9.04   ,-0.747   ,-2.011   ,-9.04   ,-0.747   ,-1.972   ,-9.347   ,-0.785   ,-1.934   ,-9.577   ,-0.689   ,-1.685   ,-9.883   ,-0.268   ,-1.685   ,-9.883   ,-0.268   ,-1.398   ,-10.056   ,0.057   ,-1.034   ,-10.419   ,0.019   ,-1.034   ,-10.419   ,0.019   ,-0.861   ,-10.707   ,-0.287   ,-0.861   ,-10.707   ,-0.287   ,-0.9   ,-10.917   ,-0.593   ,-1.149   ,-10.975   ,-0.881   ,-2.03   ,-10.86   ,-1.302   ,-2.03   ,-10.86   ,-1.302   ,-2.681   ,-10.726   ,-1.379   ,-3.409   ,-10.477   ,-1.359   ,-4.06   ,-10.113   ,-1.225   ,-4.06   ,-10.113   ,-1.225   ,-4.405   ,-10.056   ,-0.919   ,-4.654   ,-10.094   ,-0.804   ,-4.731   ,-10.534   ,-1.685   ,-4.731   ,-10.534   ,-1.685   ,-4.884   ,-11.818   ,-1.953   ,-5.095   ,-12.641   ,0.038   ,-4.635   ,-12.469   ,-0.593   ,-4.635   ,-12.469   ,-0.593   ,-4.233   ,-11.933   ,-0.881   ,-3.371   ,-11.358   ,0.363   ,-3.045   ,-11.052   ,1.474   ,-3.045   ,-11.052   ,1.474   ,-2.796   ,-10.707   ,1.628   ,-2.432   ,-10.611   ,1.436   ,-1.13   ,-10.745   ,1.8   ,-1.13   ,-10.745   ,1.8   ,-0.536   ,-11.128   ,2.336   ,0.019   ,-11.147   ,1.896   ,0.134   ,-11.301   ,1.723   ,0.134   ,-11.301   ,1.723   ,0.881   ,-11.492   ,1.532   ,0.881   ,-11.492   ,1.532   ,1.704   ,-11.569   ,1.628   ,1.321   ,-12.22   ,1.666   ,1.321   ,-12.22   ,1.666   ,0.268   ,-12.737   ,1.781   ,-0.823   ,-14.059   ,1.57   ,-1.302   ,-14.001   ,2.087   ,-1.302   ,-14.001   ,2.087   ,-2.049   ,-12.028   ,0.976   ,-2.26   ,-10.477   ,0.498   ,-2.643   ,-8.696   ,0.21   ,-2.643   ,-8.696   ,0.21   ,-2.7   ,-7.489   ,0.229   ,-3.102   ,-6.761   ,0.153   ,-3.486   ,-6.723   ,0.363   ,-3.486   ,-6.723   ,0.363   ,-3.754   ,-7.316   ,0.574   ,-3.773   ,-7.891   ,0.306   ,-3.773   ,-7.891   ,0.306   ,-3.064   ,-8.427   ,1.168   ,-3.064   ,-8.427   ,1.168   ,-1.896   ,-8.408   ,2.183   ,-0.498   ,-8.523   ,1.436   ,0.019   ,-7.968   ,1.149   ,0.019   ,-7.968   ,1.149   ,0.383   ,-7.163   ,1.072   ,0.517   ,-6.704   ,1.206   ,0.517   ,-6.704   ,1.206   ,0.421   ,-5.918   ,1.57   ,0.421   ,-5.918   ,1.57   ,0.268   ,-5.535   ,1.551   ,0.229   ,-5.688   ,1.628   ,0.172   ,-5.88   ,1.647   ,0.172   ,-5.88   ,1.647   ,0.038   ,-6.186   ,1.953   ,-0.172   ,-6.225   ,2.145   ,-0.766   ,-5.995   ,2.298   ,-0.766   ,-5.995   ,2.298   ,-1.34   ,-5.88   ,2.375   ,-2.566   ,-6.091   ,2.49   ,-3.352   ,-6.493   ,2.566   ,-3.352   ,-6.493   ,2.566   ,-4.328   ,-7.278   ,2.566   ,-4.328   ,-7.278   ,2.566   ,-4.711   ,-7.814   ,2.509   ,-4.999   ,-8.657   ,2.796   ,-5.267   ,-9.328   ,3.179   ,-5.267   ,-9.328   ,3.179   ,-6.148   ,-10.343   ,4.022   ,-6.742   ,-11.013   ,4.309   ,-6.742   ,-11.013   ,4.309   ,-7.661   ,-11.952   ,4.386   ,-7.719   ,-12.411   ,4.175   ,-7.719   ,-12.411   ,4.175   ,-7.623   ,-12.258   ,4.022   ,-6.972   ,-11.875   ,3.984   ,-6.205   ,-10.917   ,4.788   ,-6.205   ,-10.917   ,4.788   ,-5.861   ,-10.094   ,5.573   ,-5.861   ,-10.094   ,5.573   ,-5.727   ,-8.964   ,7.106   ,-5.631   ,-10.305   ,7.489   ,-5.631   ,-10.305   ,7.489   ,-4.501   ,-14.538   ,5.573   ,-4.501   ,-14.538   ,5.573   ,-1.513   ,-15.859   ,4.616   ,2.183   ,-15.898   ,0.976   ,3.409   ,-14.404   ,-1.321   ,3.409   ,-14.404   ,-1.321   ,3.639   ,-11.052   ,0.153   ,2.087   ,-9.385   ,2.413   ,-0.555   ,-7.987   ,4.271   ,-0.555   ,-7.987   ,4.271   ,-1.091   ,-7.316   ,2.394   ,-1.359   ,-5.937   ,-0.574   ,-1.072   ,-4.941   ,-2.03   ,-1.072   ,-4.941   ,-2.03   ,-1.187   ,-4.673   ,-4.52   ,-1.417   ,-5.899   ,-5.248   ,-2.183   ,-9.155   ,-5.554   ,-2.183   ,-9.155   ,-5.554   ,-2.758   ,-11.339   ,-4.52   ,-3.85   ,-13.139   ,-2.068   ,-3.85   ,-13.139   ,-2.068   ,-4.309   ,-13.197   ,-0.402   ,-4.309   ,-13.197   ,-0.402   ,-3.964   ,-11.205   ,0.555   ,-2.681   ,-9.979   ,0.363   ,-1.168   ,-8.581   ,-0.325   ,-1.168   ,-8.581   ,-0.325   ,-0.766   ,-7.814   ,0.114   ,-0.229   ,-8.044   ,0.976   ,0.363   ,-8.753   ,0.766   ,0.363   ,-8.753   ,0.766   ,0.727   ,-9.634   ,0.727   ,0.747   ,-10.17   ,0.44   ,0.44   ,-10.611   ,-0.095   ,0.44   ,-10.611   ,-0.095   ,-0.153   ,-10.381   ,-0.421   ,-1.072   ,-9.807   ,-0.919   ,-1.704   ,-9.404   ,-0.957   ,-1.704   ,-9.404   ,-0.957   ,-2.7   ,-8.945   ,-1.149   ,-3.237   ,-8.657   ,-1.225   ,-3.754   ,-8.504   ,-1.264   ,-3.754   ,-8.504   ,-1.264   ,-4.041   ,-8.408   ,-1.11   ,-4.233   ,-8.408   ,-0.823   ,-3.83   ,-8.715   ,-0.727   ,-3.83   ,-8.715   ,-0.727   ,-2.968   ,-9.117   ,-0.536   ,-2.375   ,-9.194   ,-0.363   ,-1.532   ,-9.27   ,-0.21   ,-1.532   ,-9.27   ,-0.21   ,-1.264   ,-9.308   ,-0.344   ,-1.264   ,-9.308   ,-0.344   ,-1.283   ,-9.194   ,-0.498   ,-1.283   ,-9.194   ,-0.498   ,-1.359   ,-9.213   ,-0.459   ,-1.417   ,-9.462   ,-0.344   ,-1.398   ,-9.749   ,-0.249   ,-1.283   ,-10.19   ,-0.134   ,-1.283   ,-10.19   ,-0.134   ,-1.149   ,-10.305   ,-0.019   ,-1.13   ,-10.343   ,-0.459   ,-1.13   ,-10.343   ,-0.459   ,-1.245   ,-10.477   ,-0.67   ,-1.245   ,-10.477   ,-0.67   ,-1.743   ,-10.841   ,-0.861   ,-2.164   ,-11.052   ,-0.881   ,-2.566   ,-11.147   ,-0.287   ,-2.566   ,-11.147   ,-0.287   ,-2.624   ,-10.879   ,0.0   ,-2.26   ,-10.113   ,-0.593   ,-2.355   ,-9.443   ,-1.13   ,-2.355   ,-9.443   ,-1.13   ,-2.892   ,-8.734   ,-1.494   ,-3.39   ,-8.849   ,-1.436   ,-4.022   ,-9.749   ,-0.842   ,-4.022   ,-9.749   ,-0.842   ,-4.405   ,-10.439   ,-1.589   ,-4.558   ,-11.76   ,-1.283   ,-4.558   ,-11.76   ,-1.283   ,-4.482   ,-12.392   ,0.555   ,-4.482   ,-12.392   ,0.555   ,-3.792   ,-12.009   ,-0.306   ,-3.275   ,-11.645   ,-0.67   ,-2.739   ,-11.377   ,0.153   ,-2.739   ,-11.377   ,0.153   ,-2.739   ,-11.32   ,0.727   ,-2.968   ,-11.377   ,0.938   ,-2.968   ,-11.377   ,0.938   ,-2.968   ,-11.301   ,1.245   ,-2.968   ,-11.301   ,1.245   ,-2.624   ,-10.822   ,1.743   ,-1.915   ,-10.783   ,2.317   ,-1.302   ,-10.496   ,1.934   ,-1.302   ,-10.496   ,1.934   ,-0.708   ,-10.228   ,1.608   ,0.593   ,-9.787   ,1.513   ,1.417   ,-9.787   ,1.455   ,1.417   ,-9.787   ,1.455   ,1.743   ,-10.917   ,1.34   ,-0.019   ,-11.703   ,1.589   ,-0.019   ,-11.703   ,1.589   ,-1.321   ,-13.695   ,1.723   ,-1.321   ,-13.695   ,1.723   ,-2.106   ,-14.174   ,2.183   ,-2.796   ,-12.909   ,1.245   ,-2.777   ,-11.396   ,0.632   ,-2.777   ,-11.396   ,0.632   ,-2.739   ,-9.423   ,0.229   ,-2.758   ,-8.293   ,0.076   ,-3.141   ,-7.106   ,-0.383   ,-3.141   ,-7.106   ,-0.383   ,-3.409   ,-6.972   ,0.287   ,-3.581   ,-7.336   ,1.245   ,-3.888   ,-8.389   ,0.344   ,-3.888   ,-8.389   ,0.344   ,-3.658   ,-8.887   ,0.249   ,-3.064   ,-9.079   ,0.938   ,-2.03   ,-8.887   ,0.919   ,-2.03   ,-8.887   ,0.919   ,-1.13   ,-8.734   ,0.785   ,-0.134   ,-8.427   ,0.996   ,0.44   ,-8.083   ,1.206   ,0.44   ,-8.083   ,1.206   ,0.536   ,-7.546   ,1.455   ,0.498   ,-7.412   ,1.647   ,0.498   ,-7.412   ,1.647   ,0.325   ,-6.723   ,1.877   ,0.325   ,-6.723   ,1.877   ,0.325   ,-6.818   ,2.011   ,0.0   ,-6.34   ,2.126   ,-0.421   ,-6.091   ,2.355   ,-0.421   ,-6.091   ,2.355   ,-0.766   ,-6.014   ,2.566   ,-1.417   ,-6.033   ,2.643   ,-2.011   ,-6.263   ,2.624   ,-2.011   ,-6.263   ,2.624   ,-3.007   ,-6.857   ,2.49   ,-3.562   ,-7.278   ,2.432   ,-3.964   ,-7.795   ,2.509   ,-3.964   ,-7.795   ,2.509   ,-3.945   ,-8.14   ,2.624   ,-3.715   ,-9.04   ,2.873   ,-3.735   ,-9.768   ,3.16   ,-3.735   ,-9.768   ,3.16   ,-4.367   ,-10.803   ,3.792   ,-5.267   ,-11.339   ,4.233   ,-6.761   ,-11.856   ,4.367   ,-6.761   ,-11.856   ,4.367   ,-7.259   ,-11.799   ,3.945   ,-6.761   ,-11.052   ,2.873   ,-6.761   ,-11.052   ,2.873   ,-5.822   ,-10.419   ,2.758   ,-5.822   ,-10.419   ,2.758   ,-4.711   ,-10.075   ,3.696   ,-4.711   ,-10.075   ,3.696   ,-4.386   ,-10.439   ,5.363   ,-4.865   ,-13.35   ,6.512   ,-4.865   ,-13.35   ,6.512   ,-4.386   ,-15.438   ,6.454   ,-1.8   ,-15.534   ,5.458   ,-0.038   ,-14.653   ,3.735   ,-0.038   ,-14.653   ,3.735   ,2.336   ,-12.067   ,1.647   ,3.026   ,-10.649   ,1.34   ,2.298   ,-10.707   ,1.915   ,2.298   ,-10.707   ,1.915   ,0.9   ,-9.519   ,3.102   ,-1.992   ,-6.244   ,1.053   ,-2.892   ,-4.788   ,-0.804   ,-2.892   ,-4.788   ,-0.804   ,-1.877   ,-4.769   ,-2.087   ,-1.532   ,-5.42   ,-1.992   ,-1.838   ,-6.742   ,-2.413   ,-1.838   ,-6.742   ,-2.413   ,-2.681   ,-7.7   ,-3.715   ,-3.715   ,-9.079   ,-3.715   ,-4.175   ,-10.247   ,-2.624   ,-4.175   ,-10.247   ,-2.624   ,-4.482   ,-11.818   ,-0.421   ,-4.213   ,-12.45   ,0.191   ,-2.528   ,-11.875   ,-0.421   ,-2.528   ,-11.875   ,-0.421   ,-1.398   ,-10.592   ,-0.842   ,0.325   ,-8.83   ,0.21   ,1.053   ,-8.236   ,1.034   ,1.053   ,-8.236   ,1.034   ,1.302   ,-8.887   ,0.804   ,0.938   ,-9.615   ,0.21   ,0.402   ,-9.979   ,-0.383   ,0.402   ,-9.979   ,-0.383   ,0.306   ,-10.113   ,-0.747   ,0.459   ,-10.017   ,-0.478   ,0.172   ,-9.787   ,-0.44   ,0.172   ,-9.787   ,-0.44   ,-0.498   ,-9.596   ,-0.766   ,-1.168   ,-9.519   ,-1.149   ,-2.164   ,-9.366   ,-1.321   ,-2.164   ,-9.366   ,-1.321   ,-2.662   ,-9.213   ,-1.225   ,-3.198   ,-9.021   ,-1.302   ,-3.352   ,-8.887   ,-1.264   ,-3.352   ,-8.887   ,-1.264   ,-3.447   ,-9.002   ,-1.245   ,-3.428   ,-9.117   ,-1.034   ,-3.064   ,-9.347   ,-0.67   ,-3.064   ,-9.347   ,-0.67   ,-2.662   ,-9.443   ,-0.632   ,-2.068   ,-9.519   ,-0.632   ,-2.068   ,-9.519   ,-0.632   ,-1.819   ,-9.5   ,-0.612   ,-1.819   ,-9.5   ,-0.612   ,-1.704   ,-9.596   ,-0.536   ,-1.838   ,-9.768   ,-0.459   ,-1.838   ,-9.768   ,-0.459   ,-1.934   ,-10.036   ,-0.363   ,-1.934   ,-10.036   ,-0.363   ,-1.992   ,-10.247   ,0.019   ,-1.743   ,-10.419   ,0.095   ,-1.513   ,-10.305   ,0.057   ,-1.513   ,-10.305   ,0.057   ,-1.225   ,-10.285   ,0.114   ,-1.11   ,-10.343   ,0.21   ,-1.149   ,-10.343   ,0.038   ,-1.149   ,-10.343   ,0.038   ,-1.379   ,-10.305   ,-0.134   ,-1.877   ,-10.151   ,-0.421   ,-2.241   ,-9.979   ,-0.651   ,-2.241   ,-9.979   ,-0.651   ,-2.47   ,-9.826   ,-0.766   ,-2.566   ,-9.768   ,-0.67   ,-2.643   ,-9.711   ,-0.632   ,-2.643   ,-9.711   ,-0.632   ,-2.566   ,-9.577   ,-0.804   ,-2.796   ,-9.232   ,-1.321   ,-2.988   ,-8.983   ,-1.532   ,-2.988   ,-8.983   ,-1.532   ,-3.313   ,-9.021   ,-1.608   ,-3.371   ,-9.538   ,-1.915   ,-3.696   ,-10.783   ,-2.011   ,-3.696   ,-10.783   ,-2.011   ,-3.888   ,-11.722   ,-0.67   ,-3.754   ,-12.45   ,-0.114   ,-3.543   ,-12.239   ,-1.11   ,-3.543   ,-12.239   ,-1.11   ,-2.988   ,-11.415   ,-0.996   ,-2.643   ,-10.917   ,-0.459   ,-2.355   ,-10.803   ,0.651   ,-2.355   ,-10.803   ,0.651   ,-2.106   ,-10.898   ,1.302   ,-2.106   ,-10.898   ,1.302   ,-1.857   ,-10.611   ,1.608   ,-1.628   ,-10.209   ,1.819   ,-1.628   ,-10.209   ,1.819   ,-1.532   ,-9.577   ,2.164   ,-1.359   ,-9.385   ,2.183   ,-0.689   ,-9.079   ,1.857   ,-0.689   ,-9.079   ,1.857   ,-0.114   ,-8.753   ,1.647   ,0.67   ,-8.887   ,1.589   ,0.67   ,-8.887   ,1.589   ,1.015   ,-9.347   ,1.283   ,1.015   ,-9.347   ,1.283   ,-0.191   ,-10.573   ,1.225   ,-0.957   ,-11.301   ,1.264   ,-2.03   ,-12.431   ,1.608   ,-2.03   ,-12.431   ,1.608   ,-2.796   ,-12.814   ,1.704   ,-2.796   ,-12.814   ,1.704   ,-3.045   ,-12.775   ,1.494   ,-3.045   ,-12.775   ,1.494   ,-3.275   ,-11.894   ,0.881   ,-3.141   ,-9.998   ,0.938   ,-3.275   ,-8.447   ,1.321   ,-3.275   ,-8.447   ,1.321   ,-3.371   ,-8.063   ,1.589   ,-3.601   ,-8.159   ,1.532   ,-3.926   ,-8.523   ,0.996   ,-3.964   ,-9.002   ,0.957   ,-3.964   ,-9.002   ,0.957   ,-4.175   ,-9.672   ,0.076   ,-3.926   ,-9.634   ,0.67   ,-2.988   ,-9.213   ,0.747   ,-2.988   ,-9.213   ,0.747   ,-2.145   ,-9.059   ,0.708   ,-1.264   ,-8.657   ,0.44   ,-0.593   ,-8.581   ,0.632   ,-0.593   ,-8.581   ,0.632   ,-0.421   ,-7.891   ,0.976   ,-0.249   ,-7.91   ,1.398   ,-0.344   ,-7.221   ,1.57   ,-0.344   ,-7.221   ,1.57   ,-0.344   ,-6.991   ,1.551   ,-0.459   ,-7.087   ,1.647   ,-0.459   ,-7.087   ,1.647   ,-0.574   ,-7.278   ,1.647   ,-1.187   ,-6.895   ,2.279   ,-1.455   ,-7.048   ,2.47   ,-1.857   ,-7.163   ,2.355   ,-1.857   ,-7.163   ,2.355   ,-2.068   ,-7.125   ,2.183   ,-2.566   ,-7.067   ,1.972   ,-2.719   ,-7.202   ,2.03   ,-2.719   ,-7.202   ,2.03   ,-2.873   ,-7.585   ,2.202   ,-3.045   ,-7.968   ,2.355   ,-3.045   ,-7.968   ,2.355   ,-3.524   ,-8.504   ,2.796   ,-3.524   ,-8.504   ,2.796   ,-3.984   ,-8.81   ,3.486   ,-4.788   ,-9.5   ,3.85   ,-4.788   ,-9.5   ,3.85   ,-5.382   ,-10.151   ,3.601   ,-5.382   ,-10.151   ,3.601   ,-6.263   ,-11.281   ,3.696   ,-6.608   ,-11.76   ,3.888   ,-6.416   ,-12.297   ,3.332   ,-6.416   ,-12.297   ,3.332   ,-5.516   ,-12.507   ,2.49   ,-3.964   ,-12.277   ,2.968   ,-3.964   ,-12.277   ,2.968   ,-3.409   ,-11.32   ,4.213   ,-3.409   ,-11.32   ,4.213   ,-3.447   ,-9.098   ,5.612   ,-3.601   ,-8.044   ,5.88   ,-3.505   ,-10.439   ,3.792   ,-3.505   ,-10.439   ,3.792   ,-2.106   ,-12.067   ,2.528   ,1.149   ,-13.273   ,1.743   ,2.49   ,-13.484   ,1.015   ,2.49   ,-13.484   ,1.015   ,3.371   ,-13.388   ,1.513   ,2.355   ,-13.561   ,2.547   ,-1.398   ,-12.239   ,3.984   ,-1.398   ,-12.239   ,3.984   ,-3.198   ,-10.113   ,4.405   ,-4.06   ,-7.125   ,2.911   ,-3.256   ,-4.482   ,0.727   ,-3.256   ,-4.482   ,0.727   ,-2.126   ,-3.562   ,-0.996   ,0.249   ,-4.731   ,-2.241   ,1.072   ,-6.129   ,-2.241   ,1.072   ,-6.129   ,-2.241   ,0.153   ,-7.929   ,-2.47   ,-1.149   ,-9.098   ,-2.375   ,-3.409   ,-10.554   ,-2.241   ,-3.409   ,-10.554   ,-2.241   ,-4.558   ,-11.492   ,-1.762   ,-4.558   ,-11.492   ,-1.762   ,-4.826   ,-12.929   ,0.114   ,-4.022   ,-13.522   ,0.459   ,-4.022   ,-13.522   ,0.459   ,-2.49   ,-12.105   ,0.632   ,-1.877   ,-10.611   ,1.302   ,-1.608   ,-9.04   ,1.589   ,-1.608   ,-9.04   ,1.589   ,-1.187   ,-8.504   ,1.11   ,-1.513   ,-8.255   ,-0.344   ,-1.551   ,-8.542   ,-0.708   ,-1.551   ,-8.542   ,-0.708   ,-1.743   ,-8.964   ,-0.938   ,-1.743   ,-8.964   ,-0.938   ,-2.106   ,-9.098   ,-0.881   ,-2.221   ,-9.519   ,-0.383   ,-2.221   ,-9.519   ,-0.383   ,-2.298   ,-9.73   ,0.134   ,-2.221   ,-9.768   ,0.555   ,-2.221   ,-9.672   ,0.555   ,-2.221   ,-9.672   ,0.555   ,-2.183   ,-9.557   ,0.306   ,-2.145   ,-9.5   ,0.076   ,-2.049   ,-9.366   ,-0.287   ,-2.049   ,-9.366   ,-0.287   ,-2.03   ,-9.194   ,-0.785   ,-1.857   ,-9.002   ,-1.398   ,-1.647   ,-8.964   ,-1.647   ,-1.647   ,-8.964   ,-1.647   ,-1.34   ,-9.117   ,-1.379   ,-1.015   ,-9.27   ,-1.13   ,-1.015   ,-9.27   ,-1.13   ,-0.689   ,-9.615   ,-0.747   ,-0.689   ,-9.615   ,-0.747   ,-0.478   ,-9.787   ,-0.67   ,-0.555   ,-9.711   ,-0.498   ,-0.651   ,-9.596   ,-0.402   ,-0.651   ,-9.596   ,-0.402   ,-0.861   ,-9.711   ,-0.363   ,-1.168   ,-9.615   ,-0.421   ,-1.168   ,-9.615   ,-0.421   ,-1.321   ,-9.864   ,-0.766   ,-1.321   ,-9.864   ,-0.766   ,-1.513   ,-9.998   ,-0.957   ,-1.857   ,-10.266   ,-0.976   ,-1.857   ,-10.266   ,-0.976   ,-2.126   ,-10.381   ,-1.015   ,-2.126   ,-10.381   ,-1.015   ,-2.509   ,-10.611   ,-0.919   ,-2.662   ,-10.803   ,-0.823   ,-2.681   ,-11.205   ,-0.498   ,-2.681   ,-11.205   ,-0.498   ,-2.547   ,-11.262   ,-0.172   ,-1.953   ,-10.937   ,-0.21   ,-1.647   ,-10.611   ,-0.344   ,-1.647   ,-10.611   ,-0.344   ,-1.34   ,-10.247   ,-0.498   ,-1.359   ,-10.17   ,-0.593   ,-1.685   ,-9.941   ,-0.689   ,-1.685   ,-9.941   ,-0.689   ,-1.819   ,-9.807   ,-0.67   ,-1.819   ,-9.807   ,-0.67   ,-2.03   ,-9.481   ,-0.9   ,-2.087   ,-9.347   ,-1.302   ,-2.087   ,-9.347   ,-1.302   ,-2.47   ,-9.347   ,-1.857   ,-2.7   ,-9.557   ,-1.953   ,-2.7   ,-9.557   ,-1.953   ,-3.198   ,-10.094   ,-2.221   ,-3.198   ,-10.094   ,-2.221   ,-3.62   ,-10.63   ,-2.336   ,-4.367   ,-11.301   ,-1.398   ,-4.616   ,-11.32   ,-0.517   ,-4.616   ,-11.32   ,-0.517   ,-4.175   ,-10.458   ,-0.67   ,-3.773   ,-9.941   ,-0.651   ,-3.237   ,-9.845   ,-0.306   ,-3.237   ,-9.845   ,-0.306   ,-3.026   ,-10.075   ,-0.478   ,-2.796   ,-10.611   ,-0.172   ,-2.719   ,-10.879   ,0.555   ,-2.719   ,-10.879   ,0.555   ,-2.298   ,-10.917   ,1.245   ,-1.723   ,-10.764   ,1.647   ,-1.723   ,-10.764   ,1.647   ,-0.976   ,-10.343   ,2.241   ,-0.976   ,-10.343   ,2.241   ,-0.766   ,-10.132   ,2.241   ,-0.325   ,-9.807   ,2.011   ,-0.325   ,-9.807   ,2.011   ,-0.172   ,-9.787   ,1.723   ,-0.172   ,-9.787   ,1.723   ,-0.114   ,-9.404   ,1.11   ,-0.095   ,-9.155   ,0.421   ,-0.095   ,-9.5   ,-0.517   ,-0.095   ,-9.5   ,-0.517   ,-0.421   ,-10.017   ,-0.421   ,-1.455   ,-11.052   ,-0.306   ,-2.202   ,-11.818   ,-0.229   ,-2.202   ,-11.818   ,-0.229   ,-2.815   ,-12.68   ,0.287   ,-2.719   ,-12.986   ,1.206   ,-2.643   ,-12.124   ,1.819   ,-2.643   ,-12.124   ,1.819   ,-2.547   ,-11.32   ,1.551   ,-2.087   ,-9.768   ,1.359   ,-1.992   ,-9.117   ,0.9   ,-1.992   ,-9.117   ,0.9   ,-1.704   ,-8.581   ,0.632   ,-1.647   ,-8.504   ,0.402   ,-1.992   ,-8.734   ,0.191   ,-1.992   ,-8.734   ,0.191   ,-2.451   ,-9.136   ,0.44   ,-3.045   ,-9.711   ,0.651   ,-3.237   ,-9.921   ,0.785   ,-3.237   ,-9.921   ,0.785   ,-2.336   ,-9.921   ,0.919   ,-1.723   ,-10.266   ,-0.421   ,-1.723   ,-10.266   ,-0.421   ,-1.091   ,-9.596   ,-0.383   ,-1.091   ,-9.596   ,-0.383   ,-0.344   ,-9.596   ,-0.229   ,-0.249   ,-9.002   ,0.268   ,-0.21   ,-8.772   ,0.593   ,-0.21   ,-8.772   ,0.593   ,-0.172   ,-8.542   ,1.187   ,0.0   ,-8.657   ,1.494   ,-0.383   ,-8.121   ,1.857   ,-0.383   ,-8.121   ,1.857   ,-0.498   ,-8.044   ,2.011   ,-0.708   ,-7.91   ,3.122   ,-1.245   ,-7.565   ,2.604   ,-1.245   ,-7.565   ,2.604   ,-1.743   ,-7.719   ,2.853   ,-2.509   ,-7.546   ,2.892   ,-2.988   ,-7.795   ,2.624   ,-2.988   ,-7.795   ,2.624   ,-3.198   ,-7.853   ,2.451   ,-3.198   ,-7.738   ,2.298   ,-3.217   ,-7.623   ,2.26   ,-3.217   ,-7.623   ,2.26   ,-3.371   ,-7.451   ,2.26   ,-3.562   ,-7.355   ,2.126   ,-4.233   ,-7.565   ,1.857   ,-4.233   ,-7.565   ,1.857   ,-4.826   ,-7.987   ,1.819   ,-4.826   ,-7.987   ,1.819   ,-5.918   ,-9.002   ,1.819   ,-6.684   ,-9.749   ,1.685   ,-6.684   ,-9.749   ,1.685   ,-7.259   ,-10.649   ,1.513   ,-6.933   ,-10.917   ,1.57   ,-6.129   ,-11.013   ,2.145   ,-6.129   ,-11.013   ,2.145   ,-5.65   ,-10.879   ,2.528   ,-4.865   ,-10.4   ,2.911   ,-4.865   ,-10.4   ,2.911   ,-4.826   ,-9.826   ,3.198   ,-4.826   ,-9.826   ,3.198   ,-3.754   ,-9.251   ,3.141   ,-3.007   ,-8.791   ,2.873   ,-1.896   ,-7.987   ,2.202   ,-1.896   ,-7.987   ,2.202   ,-1.168   ,-7.47   ,1.819   ,-0.229   ,-7.355   ,1.953   ,0.038   ,-8.715   ,1.8   ,0.038   ,-8.715   ,1.8   ,-0.268   ,-12.584   ,0.976   ,0.651   ,-14.212   ,0.996   ,0.651   ,-14.212   ,0.996   ,1.915   ,-13.963   ,1.589   ,1.915   ,-13.963   ,1.589   ,1.283   ,-13.312   ,1.896   ,-0.459   ,-13.791   ,4.156   ,-0.459   ,-13.791   ,4.156   ,-1.762   ,-14.882   ,5.458   ,-1.762   ,-14.882   ,5.458   ,-3.237   ,-13.522   ,5.765   ,-3.371   ,-10.266   ,3.964   ,-3.371   ,-10.266   ,3.964   ,-3.16   ,-5.669   ,1.474   ,-3.16   ,-5.669   ,1.474   ,-2.413   ,-4.022   ,0.076   ,-0.344   ,-4.252   ,-0.517   ,0.459   ,-5.42   ,-1.149   ,0.459   ,-5.42   ,-1.149   ,0.651   ,-7.814   ,-1.589   ,-0.191   ,-9.059   ,-1.685   ,-2.375   ,-10.515   ,-0.976   ,-2.375   ,-10.515   ,-0.976   ,-3.601   ,-10.975   ,-0.881   ,-3.888   ,-11.013   ,-0.555   ,-3.275   ,-10.285   ,-0.306   ,-3.275   ,-10.285   ,-0.306   ,-2.183   ,-9.423   ,0.402   ,-2.183   ,-9.423   ,0.402   ,-1.57   ,-9.251   ,0.306   ,-1.11   ,-9.615   ,0.095   ,-1.11   ,-9.615   ,0.095   ,-1.11   ,-9.864   ,-0.306   ,-1.187   ,-10.094   ,-0.727   ,-1.187   ,-10.094   ,-0.727   ,-1.225   ,-10.419   ,-0.766   ,-1.225   ,-10.419   ,-0.766   ,-1.187   ,-10.4   ,-0.172   ,-1.264   ,-10.419   ,1.245   ,-1.264   ,-10.419   ,1.245   ,-0.747   ,-10.822   ,1.455   ,-1.168   ,-10.592   ,1.743   ,-1.781   ,-9.902   ,1.551   ,-2.221   ,-9.577   ,1.034   ,-2.221   ,-9.577   ,1.034   ,-2.796   ,-9.04   ,0.459   ,-3.045   ,-8.81   ,0.306   ,-3.237   ,-8.657   ,0.134   ,-3.237   ,-8.657   ,0.134   ,-3.217   ,-8.964   ,0.134   ,-3.045   ,-9.308   ,0.095   ,-3.045   ,-9.308   ,0.095   ,-2.777   ,-9.749   ,-0.363   ,-2.777   ,-9.749   ,-0.363   ,-2.681   ,-9.902   ,-0.632   ,-2.087   ,-9.902   ,-0.881   ,-2.087   ,-9.902   ,-0.881   ,-1.704   ,-9.711   ,-0.976   ,-1.704   ,-9.711   ,-0.976   ,-1.551   ,-9.443   ,-0.574   ,-1.532   ,-9.366   ,-0.325   ,-1.57   ,-9.423   ,-0.019   ,-1.57   ,-9.423   ,-0.019   ,-1.551   ,-9.577   ,-0.038   ,-1.57   ,-9.711   ,-0.076   ,-1.57   ,-9.711   ,-0.076   ,-1.666   ,-9.73   ,-0.076   ,-1.666   ,-9.73   ,-0.076   ,-1.608   ,-9.557   ,-0.383   ,-1.608   ,-9.557   ,-0.383   ,-1.551   ,-9.481   ,-0.632   ,-1.532   ,-9.443   ,-0.478   ,-1.532   ,-9.443   ,-0.478   ,-1.57   ,-9.519   ,-0.306   ,-1.628   ,-9.596   ,-0.172   ,-1.685   ,-9.615   ,-0.172   ,-1.685   ,-9.615   ,-0.172   ,-1.877   ,-9.826   ,-0.268   ,-1.877   ,-9.921   ,-0.478   ,-1.934   ,-9.979   ,-1.015   ,-1.934   ,-9.979   ,-1.015   ,-2.106   ,-9.941   ,-1.398   ,-2.336   ,-9.998   ,-1.666   ,-2.432   ,-10.075   ,-1.838   ,-2.432   ,-10.075   ,-1.838   ,-2.375   ,-10.381   ,-1.628   ,-2.279   ,-10.573   ,-1.436   ,-1.915   ,-10.726   ,-1.245   ,-1.915   ,-10.726   ,-1.245   ,-1.608   ,-10.534   ,-1.149   ,-1.149   ,-10.017   ,-1.168   ,-0.9   ,-9.711   ,-1.091   ,-0.9   ,-9.711   ,-1.091   ,-0.67   ,-9.519   ,-0.996   ,-0.517   ,-9.749   ,-0.957   ,-0.459   ,-10.151   ,-0.708   ,-0.459   ,-10.151   ,-0.708   ,-0.555   ,-10.381   ,-0.593   ,-0.842   ,-10.554   ,-0.555   ,-1.11   ,-10.573   ,-0.555   ,-1.11   ,-10.573   ,-0.555   ,-1.513   ,-10.4   ,-0.402   ,-1.857   ,-10.19   ,-0.402   ,-2.279   ,-10.094   ,-0.383   ,-2.279   ,-10.094   ,-0.383   ,-2.547   ,-10.151   ,-0.459   ,-2.758   ,-10.534   ,-1.034   ,-2.758   ,-10.534   ,-1.034   ,-3.007   ,-10.841   ,-0.976   ,-3.007   ,-10.841   ,-0.976   ,-3.447   ,-10.745   ,-0.632   ,-3.735   ,-10.381   ,-0.344   ,-3.964   ,-10.056   ,-0.268   ,-3.964   ,-10.056   ,-0.268   ,-4.137   ,-10.132   ,-0.191   ,-4.137   ,-10.611   ,-0.555   ,-4.175   ,-11.128   ,-0.842   ,-4.175   ,-11.128   ,-0.842   ,-3.754   ,-11.703   ,-0.325   ,-3.083   ,-11.779   ,0.747   ,-1.896   ,-11.205   ,2.681   ,-1.896   ,-11.205   ,2.681   ,-0.823   ,-10.573   ,3.313   ,0.344   ,-9.979   ,3.275   ,0.727   ,-9.749   ,2.719   ,0.727   ,-9.749   ,2.719   ,0.823   ,-9.557   ,1.666   ,0.67   ,-9.538   ,1.13   ,0.632   ,-9.462   ,0.268   ,0.632   ,-9.462   ,0.268   ,0.019   ,-9.596   ,0.019   ,-1.225   ,-10.592   ,0.153   ,-1.225   ,-10.592   ,0.153   ,-1.992   ,-11.32   ,0.325   ,-1.992   ,-11.32   ,0.325   ,-2.834   ,-12.143   ,0.919   ,-2.988   ,-12.392   ,1.379   ,-2.988   ,-11.53   ,1.398   ,-2.988   ,-11.53   ,1.398   ,-2.949   ,-10.994   ,0.747   ,-2.93   ,-9.883   ,-0.229   ,-2.796   ,-9.117   ,-0.363   ,-2.796   ,-9.117   ,-0.363   ,-2.739   ,-8.696   ,0.076   ,-2.777   ,-8.945   ,0.536   ,-2.777   ,-9.615   ,0.632   ,-2.777   ,-9.615   ,0.632   ,-2.796   ,-10.17   ,0.574   ,-2.968   ,-10.63   ,0.383   ,-3.007   ,-10.649   ,0.593   ,-3.007   ,-10.649   ,0.593   ,-2.968   ,-10.573   ,0.785   ,-2.758   ,-10.285   ,0.536   ,-2.126   ,-9.749   ,0.44   ,-2.126   ,-9.749   ,0.44   ,-1.57   ,-9.538   ,-0.689   ,-1.053   ,-8.504   ,-0.268   ,-1.053   ,-8.504   ,-0.268   ,-0.766   ,-7.91   ,0.306   ,-0.766   ,-7.91   ,0.306   ,-0.478   ,-7.661   ,0.708   ,-0.172   ,-7.661   ,0.612   ,0.095   ,-7.336   ,1.283   ,0.095   ,-7.336   ,1.283   ,0.038   ,-7.355   ,1.666   ,-0.076   ,-7.853   ,1.915   ,-0.919   ,-7.336   ,2.221   ,-0.919   ,-7.336   ,2.221   ,-2.011   ,-7.259   ,2.566   ,-2.298   ,-7.489   ,2.662   ,-2.298   ,-7.489   ,2.662   ,-2.49   ,-7.527   ,2.528   ,-2.49   ,-7.527   ,2.528   ,-2.241   ,-7.393   ,2.413   ,-1.704   ,-6.972   ,2.049   ,-1.379   ,-6.704   ,1.877   ,-1.379   ,-6.704   ,1.877   ,-1.034   ,-6.55   ,1.934   ,-1.015   ,-6.608   ,2.049   ,-1.245   ,-7.01   ,2.451   ,-1.245   ,-7.01   ,2.451   ,-1.608   ,-7.393   ,2.528   ,-2.355   ,-8.198   ,2.585   ,-3.064   ,-8.81   ,2.662   ,-3.064   ,-8.81   ,2.662   ,-4.635   ,-9.807   ,3.026   ,-5.765   ,-10.362   ,3.237   ,-7.182   ,-10.956   ,3.141   ,-7.182   ,-10.956   ,3.141   ,-7.738   ,-11.09   ,2.796   ,-8.025   ,-11.052   ,2.451   ,-7.412   ,-11.166   ,2.375   ,-7.412   ,-11.166   ,2.375   ,-5.995   ,-10.975   ,2.49   ,-5.382   ,-10.534   ,2.93   ,-4.328   ,-9.443   ,3.466   ,-4.328   ,-9.443   ,3.466   ,-3.907   ,-8.504   ,3.754   ,-3.294   ,-8.753   ,4.788   ,-2.988   ,-11.645   ,4.443   ,-2.988   ,-11.645   ,4.443   ,-1.015   ,-14.71   ,3.275   ,0.996   ,-14.806   ,2.26   ,1.723   ,-13.637   ,0.325   ,1.723   ,-13.637   ,0.325   ,1.666   ,-12.392   ,1.283   ,-0.095   ,-11.415   ,4.328   ,-0.095   ,-11.415   ,4.328   ,-1.11   ,-11.224   ,5.65   ,-1.857   ,-9.366   ,2.394   ,-1.302   ,-7.757   ,-0.555   ,-0.919   ,-5.056   ,-1.915   ,-0.919   ,-5.056   ,-1.915   ,-0.766   ,-3.945   ,-2.279   ,-0.842   ,-4.711   ,-4.501   ,-1.436   ,-6.857   ,-5.114   ,-1.436   ,-6.857   ,-5.114   ,-2.011   ,-11.147   ,-3.85   ,-2.26   ,-13.312   ,-2.375   ,-2.585   ,-15.036   ,-0.44   ,-2.585   ,-15.036   ,-0.44   ,-2.834   ,-14.02   ,1.8   ,-1.857   ,-10.458   ,1.896   ,-0.612   ,-9.232   ,1.589   ,-0.612   ,-9.232   ,1.589   ,0.689   ,-8.217   ,1.379   ,1.283   ,-8.14   ,1.168   ,1.647   ,-8.638   ,0.249   ,1.647   ,-8.638   ,0.249   ,1.589   ,-9.04   ,-0.076   ,1.13   ,-9.921   ,-0.344   ,0.44   ,-10.113   ,-0.478   ,0.44   ,-10.113   ,-0.478   ,-0.574   ,-9.692   ,-0.727   ,-0.996   ,-9.443   ,-0.67   ,-1.628   ,-9.117   ,-0.976   ,-1.628   ,-9.117   ,-0.976   ,-2.164   ,-8.906   ,-0.632   ,-2.949   ,-8.849   ,-0.268   ,-3.352   ,-9.021   ,-0.019   ,-3.352   ,-9.021   ,-0.019   ,-3.486   ,-9.366   ,0.0   ,-3.447   ,-9.5   ,0.0   ,-3.256   ,-9.308   ,0.114   ,-3.256   ,-9.308   ,0.114   ,-2.988   ,-9.194   ,0.172   ,-2.585   ,-9.021   ,0.019   ,-2.317   ,-9.021   ,-0.21   ,-2.317   ,-9.021   ,-0.21   ,-2.164   ,-9.002   ,-0.306   ,-1.972   ,-9.251   ,-0.229   ,-1.972   ,-9.251   ,-0.229   ,-1.953   ,-9.347   ,-0.114   ,-1.953   ,-9.347   ,-0.114   ,-1.992   ,-9.385   ,0.019   ,-1.972   ,-9.347   ,0.076   ,-1.972   ,-9.347   ,0.076   ,-1.819   ,-9.27   ,0.0   ,-1.704   ,-9.251   ,-0.057   ,-1.474   ,-9.27   ,-0.153   ,-1.474   ,-9.27   ,-0.153   ,-1.359   ,-9.308   ,-0.191   ,-1.321   ,-9.328   ,-0.325   ,-1.379   ,-9.366   ,-0.555   ,-1.417   ,-9.385   ,-0.842   ,-1.417   ,-9.385   ,-0.842   ,-1.513   ,-9.443   ,-1.091   ,-1.666   ,-9.787   ,-1.608   ,-1.838   ,-10.209   ,-1.819   ,-1.838   ,-10.209   ,-1.819   ,-1.972   ,-10.841   ,-1.455   ,-1.915   ,-11.109   ,-0.996   ,-1.647   ,-11.186   ,-0.9   ,-1.647   ,-11.186   ,-0.9   ,-1.551   ,-10.956   ,-1.206   ,-1.838   ,-10.554   ,-1.359   ,-1.838   ,-10.554   ,-1.359   ,-1.838   ,-10.688   ,-1.168   ,-1.743   ,-11.147   ,-0.804   ,-1.704   ,-11.396   ,-0.459   ,-2.164   ,-11.569   ,-1.455   ,-2.164   ,-11.569   ,-1.455   ,-2.719   ,-11.818   ,-1.302   ,-3.543   ,-11.684   ,0.689   ,-3.964   ,-11.301   ,0.114   ,-3.964   ,-11.301   ,0.114   ,-4.003   ,-11.32   ,0.632   ,-3.428   ,-11.511   ,1.187   ,-2.47   ,-11.684   ,1.091   ,-2.47   ,-11.684   ,1.091   ,-1.857   ,-11.588   ,0.938   ,-1.857   ,-11.588   ,0.938   ,-1.359   ,-10.994   ,0.861   ,-1.168   ,-10.496   ,0.996   ,-1.168   ,-10.496   ,0.996   ,-1.072   ,-10.094   ,1.666   ,-0.842   ,-10.132   ,2.068   ,-0.881   ,-10.534   ,2.26   ,-0.881   ,-10.534   ,2.26   ,-1.417   ,-10.745   ,1.551   ,-1.11   ,-11.013   ,1.417   ,0.019   ,-10.917   ,2.26   ,0.019   ,-10.917   ,2.26   ,1.455   ,-10.611   ,1.838   ,1.915   ,-10.841   ,1.206   ,1.915   ,-10.841   ,1.206   ,1.053   ,-11.799   ,0.976   ,1.053   ,-11.799   ,0.976   ,0.67   ,-12.488   ,1.015   ,-0.459   ,-12.392   ,1.091   ,-0.842   ,-11.818   ,1.436   ,-0.842   ,-11.818   ,1.436   ,-1.608   ,-10.094   ,1.11   ,-2.106   ,-8.81   ,0.785   ,-2.106   ,-8.81   ,0.785   ,-2.241   ,-7.565   ,1.091   ,-2.241   ,-7.565   ,1.091   ,-2.355   ,-7.355   ,0.861   ,-2.624   ,-7.795   ,1.225   ,-2.777   ,-8.351   ,1.34   ,-2.777   ,-8.351   ,1.34   ,-2.719   ,-9.308   ,1.494   ,-2.317   ,-9.557   ,1.455   ,-1.8   ,-9.136   ,1.685   ,-1.8   ,-9.136   ,1.685   ,-1.34   ,-8.753   ,1.436   ,-0.919   ,-8.083   ,2.011   ,-0.574   ,-7.738   ,2.183   ,-0.574   ,-7.738   ,2.183   ,-0.038   ,-7.738   ,1.877   ,-0.21   ,-6.972   ,1.915   ,-0.44   ,-6.34   ,1.781   ,-0.44   ,-6.34   ,1.781   ,-0.363   ,-6.435   ,2.011   ,-0.363   ,-6.435   ,2.011   ,-0.287   ,-6.646   ,2.241   ,-0.134   ,-6.742   ,2.432   ,-0.134   ,-6.742   ,2.432   ,-0.536   ,-6.818   ,2.068   ,-1.034   ,-6.359   ,2.087   ,-1.474   ,-6.454   ,2.585   ,-1.474   ,-6.454   ,2.585   ,-1.838   ,-6.512   ,2.604   ,-2.47   ,-6.665   ,2.509   ,-2.758   ,-6.876   ,2.451   ,-2.758   ,-6.876   ,2.451   ,-3.122   ,-7.316   ,2.298   ,-3.217   ,-7.7   ,2.202   ,-3.237   ,-8.447   ,1.838   ,-3.237   ,-8.447   ,1.838   ,-3.237   ,-9.021   ,1.762   ,-3.984   ,-9.5   ,2.183   ,-4.233   ,-10.151   ,2.298   ,-4.233   ,-10.151   ,2.298   ,-5.707   ,-10.783   ,3.16   ,-6.531   ,-11.473   ,3.792   ,-6.531   ,-11.473   ,3.792   ,-7.604   ,-12.009   ,4.711   ,-7.604   ,-12.009   ,4.711   ,-7.585   ,-11.76   ,4.903   ,-5.995   ,-10.841   ,4.96   ,-5.133   ,-10.151   ,5.209   ,-5.133   ,-10.151   ,5.209   ,-3.658   ,-9.308   ,5.19   ,-3.122   ,-8.868   ,5.095   ,-2.413   ,-9.979   ,5.152   ,-2.413   ,-9.979   ,5.152   ,-2.26   ,-12.852   ,4.482   ,-0.593   ,-16.223   ,2.93   ,0.651   ,-16.281   ,2.221   ,0.651   ,-16.281   ,2.221   ,0.268   ,-13.465   ,0.67   ,0.0   ,-11.281   ,0.555   ,0.172   ,-9.692   ,2.93   ,0.172   ,-9.692   ,2.93   ,-0.114   ,-9.557   ,4.041   ,-1.11   ,-8.408   ,3.562   ,-1.551   ,-7.106   ,2.317   ,-1.551   ,-7.106   ,2.317   ,-1.321   ,-5.65   ,-0.038   ,-0.881   ,-5.363   ,-1.417   ,-0.976   ,-5.784   ,-3.083   ,-0.976   ,-5.784   ,-3.083   ,-1.168   ,-6.742   ,-3.505   ,-1.743   ,-9.232   ,-3.102   ,-2.049   ,-10.707   ,-2.183   ,-2.049   ,-10.707   ,-2.183   ,-2.336   ,-12.68   ,-1.245   ,-2.509   ,-13.484   ,-1.149   ,-2.47   ,-12.316   ,-0.498   ,-2.47   ,-12.316   ,-0.498   ,-2.03   ,-10.726   ,-0.21   ,-1.398   ,-8.676   ,-0.402   ,-0.842   ,-7.987   ,-0.21   ,-0.842   ,-7.987   ,-0.21   ,0.268   ,-8.542   ,0.574   ,0.708   ,-9.251   ,0.555   ,1.11   ,-10.19   ,0.268   ,1.11   ,-10.19   ,0.268   ,1.206   ,-10.324   ,0.268   ,0.919   ,-10.17   ,-0.268   ,0.919   ,-10.17   ,-0.268   ,0.517   ,-9.672   ,-0.363   ,0.095   ,-9.538   ,-0.038   ,-0.363   ,-9.385   ,-0.057   ,-0.363   ,-9.385   ,-0.057   ,-1.359   ,-9.098   ,-0.383   ,-1.359   ,-9.098   ,-0.383   ,-1.972   ,-8.945   ,-0.785   ,-2.585   ,-9.021   ,-1.264   ,-2.585   ,-9.021   ,-1.264   ,-2.777   ,-9.155   ,-1.513   ,-2.777   ,-9.155   ,-1.513   ,-3.237   ,-9.117   ,-1.302   ,-3.466   ,-9.059   ,-0.861   ,-3.696   ,-9.079   ,-0.21   ,-3.696   ,-9.079   ,-0.21   ,-3.792   ,-9.021   ,-0.019   ,-3.524   ,-9.059   ,0.268   ,-3.141   ,-9.155   ,0.153   ,-3.141   ,-9.155   ,0.153   ,-2.624   ,-9.27   ,0.268   ,-2.355   ,-9.385   ,0.153   ,-1.992   ,-9.481   ,-0.019   ,-1.992   ,-9.481   ,-0.019   ,-1.781   ,-9.462   ,0.057   ,-1.628   ,-9.443   ,-0.191   ,-1.628   ,-9.443   ,-0.191   ,-1.781   ,-9.232   ,-0.134   ,-1.781   ,-9.232   ,-0.134   ,-1.915   ,-9.059   ,-0.287   ,-2.011   ,-9.174   ,-0.383   ,-2.011   ,-9.174   ,-0.383   ,-2.03   ,-9.27   ,-0.44   ,-2.03   ,-9.27   ,-0.44   ,-2.087   ,-9.328   ,-0.612   ,-1.972   ,-9.557   ,-1.072   ,-1.934   ,-9.807   ,-1.225   ,-1.934   ,-9.807   ,-1.225   ,-1.8   ,-10.285   ,-1.302   ,-1.628   ,-10.611   ,-1.11   ,-1.283   ,-10.898   ,-0.689   ,-1.283   ,-10.898   ,-0.689   ,-1.015   ,-10.975   ,-0.421   ,-0.804   ,-10.956   ,-0.498   ,-0.804   ,-10.994   ,-0.689   ,-0.804   ,-10.994   ,-0.689   ,-0.938   ,-10.803   ,-0.938   ,-1.168   ,-10.534   ,-1.321   ,-1.608   ,-10.151   ,-1.455   ,-1.608   ,-10.151   ,-1.455   ,-1.857   ,-10.017   ,-1.206   ,-2.451   ,-10.688   ,-1.972   ,-3.198   ,-12.086   ,-0.938   ,-3.198   ,-12.086   ,-0.938   ,-3.639   ,-12.507   ,-0.574   ,-4.099   ,-11.933   ,-0.976   ,-4.099   ,-11.933   ,-0.976   ,-4.003   ,-11.473   ,-0.363   ,-3.352   ,-10.975   ,0.785   ,-3.352   ,-10.975   ,0.785   ,-2.988   ,-10.841   ,0.498   ,-2.988   ,-10.841   ,0.498   ,-3.026   ,-10.975   ,-0.402   ,-3.026   ,-10.975   ,-0.402   ,-2.796   ,-11.435   ,-0.287   ,-1.819   ,-12.105   ,2.068   ,-0.996   ,-12.162   ,3.677   ,-0.996   ,-12.162   ,3.677   ,0.249   ,-11.454   ,3.811   ,0.919   ,-10.688   ,3.045   ,2.049   ,-9.615   ,1.417   ,2.049   ,-9.615   ,1.417   ,2.604   ,-9.174   ,0.459   ,2.7   ,-9.136   ,0.114   ,1.398   ,-9.826   ,0.421   ,1.398   ,-9.826   ,0.421   ,-0.574   ,-10.515   ,0.306   ,-1.57   ,-11.435   ,0.804   ,-2.317   ,-12.507   ,0.9   ,-2.317   ,-12.507   ,0.9   ,-2.758   ,-11.971   ,1.11   ,-2.7   ,-10.611   ,2.011   ,-2.604   ,-9.845   ,1.436   ,-2.604   ,-9.845   ,1.436   ,-2.355   ,-9.251   ,0.459   ,-2.355   ,-9.251   ,0.459   ,-2.03   ,-9.232   ,0.287   ,-1.934   ,-9.002   ,1.168   ,-1.934   ,-9.002   ,1.168   ,-2.011   ,-8.983   ,1.302   ,-2.451   ,-9.021   ,1.762   ,-2.509   ,-8.925   ,2.03   ,-2.509   ,-8.925   ,2.03   ,-2.106   ,-8.753   ,2.26   ,-1.666   ,-8.619   ,2.413   ,-0.823   ,-8.676   ,2.528   ,-0.823   ,-8.676   ,2.528   ,-0.689   ,-8.332   ,2.087   ,-0.498   ,-7.47   ,2.087   ,-0.747   ,-6.78   ,2.221   ,-0.747   ,-6.78   ,2.221   ,-0.996   ,-6.052   ,2.643   ,-1.072   ,-6.052   ,2.949   ,-1.206   ,-6.052   ,2.719   ,-1.206   ,-6.052   ,2.719   ,-1.398   ,-6.167   ,2.681   ,-1.398   ,-6.167   ,2.681   ,-1.781   ,-6.397   ,2.451   ,-1.781   ,-6.397   ,2.451   ,-2.145   ,-6.435   ,2.317   ,-2.758   ,-6.435   ,2.126   ,-3.007   ,-6.397   ,2.011   ,-3.141   ,-6.282   ,1.819   ,-3.141   ,-6.282   ,1.819   ,-3.083   ,-6.301   ,1.685   ,-2.968   ,-6.569   ,1.57   ,-2.968   ,-6.569   ,1.57   ,-2.873   ,-6.895   ,1.532   ,-2.873   ,-6.895   ,1.532   ,-2.815   ,-7.814   ,1.628   ,-2.796   ,-8.638   ,1.781   ,-3.313   ,-10.017   ,2.528   ,-3.313   ,-10.017   ,2.528   ,-4.003   ,-10.879   ,2.988   ,-4.003   ,-10.879   ,2.988   ,-5.363   ,-11.779   ,3.562   ,-6.244   ,-12.067   ,3.811   ,-6.244   ,-12.067   ,3.811   ,-7.087   ,-12.411   ,4.022   ,-6.608   ,-12.526   ,4.06   ,-6.608   ,-12.526   ,4.06   ,-6.454   ,-12.411   ,4.673   ,-5.458   ,-12.182   ,5.114   ,-5.458   ,-12.182   ,5.114   ,-3.735   ,-11.301   ,5.937   ,-2.815   ,-10.247   ,6.186   ,-2.815   ,-10.247   ,6.186   ,-2.202   ,-8.044   ,5.861   ,-1.8   ,-6.933   ,5.114   ,-1.225   ,-8.025   ,3.486   ,-1.225   ,-8.025   ,3.486   ,-0.938   ,-10.4   ,2.011   ,0.747   ,-11.626   ,1.187   ,1.34   ,-11.626   ,0.727   ,1.34   ,-11.626   ,0.727   ,1.034   ,-11.415   ,-0.689   ,0.766   ,-11.511   ,-0.153   ,-1.149   ,-11.933   ,3.754   ,-1.149   ,-11.933   ,3.754   ,-3.102   ,-11.837   ,5.171   ,-4.271   ,-10.611   ,2.853   ,-3.677   ,-9.213   ,-0.555   ,-3.677   ,-9.213   ,-0.555   ,-1.819   ,-7.182   ,-1.743   ,-1.225   ,-6.014   ,-1.168   ,-0.785   ,-6.359   ,-1.896   ,-0.785   ,-6.359   ,-1.896   ,-0.996   ,-7.24   ,-2.624   ,-1.149   ,-9.462   ,-3.294   ,-1.149   ,-9.462   ,-3.294   ,-1.053   ,-11.243   ,-3.217   ,-1.053   ,-11.243   ,-3.217   ,-1.015   ,-12.641   ,-2.604   ,-1.225   ,-12.277   ,-1.551   ,-0.44   ,-10.764   ,0.747   ,-0.44   ,-10.764   ,0.747   ,-0.191   ,-9.883   ,1.245   ,-0.21   ,-9.021   ,0.957   ,-0.038   ,-8.81   ,0.804   ,-0.038   ,-8.81   ,0.804   ,0.536   ,-8.906   ,0.689   ,0.536   ,-8.906   ,0.689   ,0.689   ,-9.27   ,0.478   ,0.402   ,-9.443   ,0.727   ,0.402   ,-9.443   ,0.727   ,0.114   ,-9.787   ,0.938   ,-0.478   ,-10.056   ,0.67   ,-1.168   ,-9.902   ,0.306   ,-1.168   ,-9.902   ,0.306   ,-2.164   ,-9.692   ,-0.287   ,-2.164   ,-9.692   ,-0.287   ,-2.758   ,-9.404   ,-0.67   ,-3.486   ,-8.849   ,-0.919   ,-3.486   ,-8.849   ,-0.919   ,-3.792   ,-8.581   ,-0.459   ,-3.926   ,-8.638   ,-0.134   ,-3.754   ,-8.715   ,-0.076   ,-3.754   ,-8.715   ,-0.076   ,-3.256   ,-9.002   ,0.076   ,-2.796   ,-9.098   ,0.229   ,-2.011   ,-9.443   ,0.268   ,-2.011   ,-9.443   ,0.268   ,-1.513   ,-9.557   ,0.21   ,-1.225   ,-9.385   ,-0.114   ,-1.359   ,-9.213   ,-0.287   ,-1.359   ,-9.213   ,-0.287   ,-1.474   ,-9.194   ,-0.172   ,-1.532   ,-9.251   ,-0.172   ,-1.417   ,-9.289   ,-0.095   ,-1.417   ,-9.289   ,-0.095   ,-1.34   ,-9.366   ,-0.21   ,-1.206   ,-9.404   ,-0.459   ,-1.149   ,-9.462   ,-0.498   ,-1.149   ,-9.462   ,-0.498   ,-1.264   ,-9.385   ,-0.421   ,-1.436   ,-9.328   ,-0.498   ,-1.57   ,-9.328   ,-0.881   ,-1.57   ,-9.328   ,-0.881   ,-1.666   ,-9.519   ,-1.091   ,-1.704   ,-9.979   ,-1.245   ,-1.704   ,-9.979   ,-1.245   ,-1.781   ,-10.305   ,-1.359   ,-1.781   ,-10.305   ,-1.359   ,-2.106   ,-10.707   ,-1.494   ,-2.202   ,-10.917   ,-1.34   ,-2.202   ,-10.917   ,-1.34   ,-2.106   ,-11.262   ,-0.823   ,-2.106   ,-11.262   ,-0.823   ,-2.049   ,-11.186   ,-0.632   ,-1.972   ,-10.477   ,-0.67   ,-1.972   ,-10.477   ,-0.67   ,-2.03   ,-10.151   ,-0.996   ,-2.03   ,-10.151   ,-0.996   ,-2.03   ,-10.247   ,-0.651   ,-2.164   ,-10.63   ,-0.172   ,-2.93   ,-11.55   ,-0.632   ,-2.93   ,-11.55   ,-0.632   ,-3.715   ,-12.392   ,0.172   ,-4.577   ,-12.871   ,1.034   ,-4.577   ,-12.871   ,1.034   ,-4.807   ,-12.546   ,0.191   ,-4.405   ,-11.99   ,-0.076   ,-3.888   ,-11.588   ,0.191   ,-3.466   ,-11.128   ,0.172   ,-3.466   ,-11.128   ,0.172   ,-3.256   ,-10.956   ,-0.019   ,-2.681   ,-10.956   ,0.651   ,-2.049   ,-10.898   ,1.877   ,-2.049   ,-10.898   ,1.877   ,-1.168   ,-10.688   ,3.045   ,-0.555   ,-10.649   ,2.834   ,0.421   ,-10.668   ,1.934   ,0.421   ,-10.668   ,1.934   ,1.072   ,-10.611   ,1.685   ,2.26   ,-10.515   ,1.628   ,2.777   ,-10.803   ,1.379   ,2.777   ,-10.803   ,1.379   ,1.436   ,-11.377   ,0.976   ,0.536   ,-11.818   ,0.9   ,-0.268   ,-12.316   ,1.091   ,-0.268   ,-12.316   ,1.091   ,-0.842   ,-12.22   ,1.513   ,-1.149   ,-11.569   ,1.819   ,-1.302   ,-10.573   ,1.379   ,-1.302   ,-10.573   ,1.379   ,-1.34   ,-8.964   ,1.053   ,-1.13   ,-8.274   ,0.9   ,-1.245   ,-7.585   ,0.459   ,-1.245   ,-7.585   ,0.459   ,-1.532   ,-7.489   ,0.689   ,-1.838   ,-7.776   ,1.532   ,-1.838   ,-7.776   ,1.532   ,-2.145   ,-8.485   ,1.628   ,-2.145   ,-8.485   ,1.628   ,-2.03   ,-9.289   ,1.551   ,-1.685   ,-9.845   ,1.628   ,-1.321   ,-9.404   ,1.704   ,-1.321   ,-9.404   ,1.704   ,-0.938   ,-8.868   ,1.723   ,-0.44   ,-8.389   ,1.551   ,-0.038   ,-7.929   ,1.532   ,-0.038   ,-7.929   ,1.532   ,0.057   ,-7.585   ,1.647   ,0.325   ,-7.814   ,1.896   ,-0.21   ,-6.723   ,2.164   ,-0.21   ,-6.723   ,2.164   ,-0.517   ,-6.493   ,2.509   ,-0.689   ,-6.78   ,2.949   ,-0.785   ,-7.221   ,2.624   ,-0.785   ,-7.221   ,2.624   ,-1.474   ,-6.454   ,2.834   ,-2.049   ,-6.033   ,2.796   ,-2.049   ,-6.033   ,2.796   ,-2.432   ,-5.956   ,2.566   ,-2.432   ,-5.956   ,2.566   ,-2.566   ,-6.225   ,2.279   ,-3.371   ,-5.516   ,2.298   ,-3.275   ,-5.956   ,2.087   ,-3.275   ,-5.956   ,2.087   ,-2.988   ,-6.34   ,1.992   ,-2.681   ,-7.163   ,2.279   ,-2.7   ,-7.872   ,2.681   ,-2.7   ,-7.872   ,2.681   ,-3.256   ,-9.308   ,3.39   ,-3.256   ,-9.308   ,3.39   ,-3.869   ,-10.381   ,3.869   ,-5.439   ,-11.818   ,4.692   ,-5.439   ,-11.818   ,4.692   ,-5.822   ,-12.469   ,4.922   ,-6.646   ,-12.929   ,5.42   ,-6.493   ,-12.814   ,5.248   ,-6.493   ,-12.814   ,5.248   ,-5.516   ,-12.239   ,5.037   ,-4.788   ,-11.626   ,5.171   ,-3.62   ,-10.477   ,5.65   ,-3.62   ,-10.477   ,5.65   ,-3.026   ,-9.423   ,5.918   ,-2.566   ,-8.198   ,6.167   ,-2.336   ,-9.634   ,5.899   ,-2.336   ,-9.634   ,5.899   ,-0.593   ,-12.526   ,4.022   ,1.819   ,-13.388   ,3.409   ,1.819   ,-13.388   ,3.409   ,3.428   ,-13.044   ,0.459   ,3.428   ,-13.044   ,0.459   ,3.696   ,-12.105   ,-0.766   ,3.696   ,-12.105   ,-0.766   ,3.466   ,-11.32   ,1.551   ,1.436   ,-11.588   ,4.233   ,1.436   ,-11.588   ,4.233   ,-1.915   ,-10.611   ,5.248   ,-2.739   ,-9.098   ,3.275   ,-2.126   ,-6.818   ,-1.091   ,-2.126   ,-6.818   ,-1.091   ,-0.938   ,-5.631   ,-2.47   ,-1.034   ,-4.692   ,-3.735   ,-1.666   ,-5.171   ,-4.233   ,-1.666   ,-5.171   ,-4.233   ,-2.087   ,-7.336   ,-4.577   ,-2.106   ,-9.366   ,-4.271   ,-2.49   ,-12.258   ,-2.988   ,-2.49   ,-12.258   ,-2.988   ,-2.873   ,-13.503   ,-1.608   ,-2.873   ,-13.503   ,-1.608   ,-3.102   ,-13.848   ,1.57   ,-2.279   ,-12.526   ,1.474   ,-2.279   ,-12.526   ,1.474   ,-1.206   ,-10.266   ,0.785   ,-0.383   ,-9.232   ,1.972   ,0.095   ,-8.447   ,2.796   ,0.095   ,-8.447   ,2.796   ,0.421   ,-8.619   ,2.355   ,0.114   ,-9.232   ,0.919   ,-0.44   ,-9.692   ,0.229   ,-0.44   ,-9.692   ,0.229   ,-1.321   ,-9.845   ,-0.689   ,-1.494   ,-9.941   ,-0.804   ,-1.704   ,-9.462   ,-1.034   ,-1.704   ,-9.462   ,-1.034   ,-1.934   ,-8.906   ,-1.283   ,-2.145   ,-8.6   ,-0.9   ,-2.298   ,-8.466   ,-0.612   ,-2.298   ,-8.466   ,-0.612   ,-2.279   ,-8.791   ,-0.363   ,-2.221   ,-9.251   ,-0.402   ,-2.241   ,-9.27   ,-0.574   ,-2.241   ,-9.27   ,-0.574   ,-1.915   ,-9.289   ,-0.478   ,-1.436   ,-9.213   ,-0.038   ,-1.072   ,-9.174   ,-0.019   ,-1.072   ,-9.174   ,-0.019   ,-0.804   ,-9.194   ,0.0   ,-0.785   ,-9.27   ,-0.076   ,-0.785   ,-9.27   ,-0.076   ,-0.938   ,-9.251   ,-0.229   ,-0.938   ,-9.251   ,-0.229   ,-1.072   ,-9.308   ,-0.306   ,-1.34   ,-9.481   ,-0.459   ,-1.455   ,-9.711   ,-0.708   ,-1.455   ,-9.711   ,-0.708   ,-1.532   ,-10.017   ,-0.804   ,-1.455   ,-10.056   ,-0.766   ,-1.283   ,-9.921   ,-0.67   ,-1.283   ,-9.921   ,-0.67   ,-1.11   ,-9.73   ,-0.402   ,-0.708   ,-9.807   ,-0.383   ,-0.67   ,-9.979   ,-0.517   ,-0.67   ,-9.979   ,-0.517   ,-0.747   ,-10.496   ,-0.651   ,-0.823   ,-10.745   ,-0.612   ,-0.919   ,-10.726   ,-0.536   ,-0.919   ,-10.726   ,-0.536   ,-1.053   ,-10.515   ,-0.593   ,-1.398   ,-10.266   ,-0.632   ,-1.551   ,-10.151   ,-0.574   ,-1.551   ,-10.151   ,-0.574   ,-1.455   ,-10.19   ,-0.708   ,-1.972   ,-9.96   ,-1.206   ,-2.432   ,-9.749   ,-1.264   ,-2.432   ,-9.749   ,-1.264   ,-2.585   ,-9.902   ,-1.034   ,-2.968   ,-10.649   ,-1.934   ,-3.581   ,-11.262   ,-1.666   ,-3.581   ,-11.262   ,-1.666   ,-4.309   ,-11.933   ,0.306   ,-4.405   ,-11.837   ,-0.306   ,-4.079   ,-11.703   ,-0.766   ,-4.079   ,-11.703   ,-0.766   ,-3.581   ,-11.741   ,-0.287   ,-2.911   ,-11.703   ,0.076   ,-2.7   ,-11.645   ,0.498   ,-2.7   ,-11.645   ,0.498   ,-2.03   ,-11.55   ,1.589   ,-1.455   ,-11.396   ,2.355   ,-0.517   ,-11.09   ,2.93   ,-0.517   ,-11.09   ,2.93   ,-0.076   ,-10.937   ,2.853   ,0.383   ,-10.956   ,2.087   ,0.593   ,-10.726   ,1.628   ,0.593   ,-10.726   ,1.628   ,1.379   ,-10.592   ,1.723   ,1.953   ,-10.745   ,1.608   ,1.953   ,-10.745   ,1.608   ,2.451   ,-11.377   ,0.478   ,2.451   ,-11.377   ,0.478   ,1.379   ,-11.779   ,0.287   ,-0.153   ,-12.143   ,0.076   ,-0.766   ,-12.048   ,0.421   ,-0.766   ,-12.048   ,0.421   ,-1.398   ,-11.741   ,0.919   ,-1.666   ,-11.415   ,0.976   ,-1.781   ,-10.036   ,0.747   ,-1.781   ,-10.036   ,0.747   ,-2.03   ,-8.849   ,0.536   ,-1.819   ,-8.121   ,1.091   ,-1.972   ,-7.738   ,1.053   ,-1.972   ,-7.738   ,1.053   ,-2.03   ,-7.719   ,1.168   ,-2.087   ,-8.063   ,1.206   ,-2.106   ,-8.485   ,1.417   ,-2.106   ,-8.485   ,1.417   ,-1.743   ,-9.289   ,0.574   ,-1.608   ,-9.289   ,0.306   ,-1.608   ,-9.289   ,0.306   ,-1.417   ,-8.849   ,0.574   ,-1.417   ,-8.849   ,0.574   ,-0.67   ,-8.447   ,0.9   ,-0.229   ,-8.178   ,0.9   ,-0.229   ,-8.178   ,0.9   ,0.536   ,-8.063   ,1.053   ,0.536   ,-8.063   ,1.053   ,0.861   ,-8.025   ,1.302   ,0.996   ,-7.565   ,1.666   ,0.881   ,-7.24   ,1.666   ,0.881   ,-7.24   ,1.666   ,0.842   ,-7.527   ,1.819   ,0.842   ,-7.527   ,1.819   ,0.325   ,-6.857   ,2.47   ,-0.67   ,-6.071   ,2.643   ,-0.67   ,-6.071   ,2.643   ,-0.938   ,-6.014   ,2.739   ,-1.359   ,-6.244   ,2.892   ,-1.762   ,-6.493   ,2.853   ,-1.762   ,-6.493   ,2.853   ,-2.221   ,-7.125   ,2.7   ,-3.007   ,-7.202   ,2.988   ,-3.007   ,-7.202   ,2.988   ,-3.332   ,-7.776   ,3.332   ,-3.332   ,-7.776   ,3.332   ,-2.892   ,-8.293   ,3.256   ,-2.911   ,-8.791   ,3.562   ,-2.662   ,-9.443   ,3.447   ,-2.662   ,-9.443   ,3.447   ,-2.662   ,-10.668   ,3.466   ,-3.064   ,-11.339   ,3.639   ,-3.064   ,-11.339   ,3.639   ,-4.443   ,-11.818   ,4.099   ,-4.443   ,-11.818   ,4.099   ,-5.344   ,-11.664   ,4.213   ,-5.784   ,-11.128   ,3.926   ,-5.784   ,-11.128   ,3.926   ,-5.344   ,-10.764   ,3.62   ,-5.344   ,-10.764   ,3.62   ,-4.482   ,-10.324   ,3.85   ,-3.926   ,-10.19   ,4.271   ,-4.175   ,-11.301   ,5.209   ,-4.175   ,-11.301   ,5.209   ,-4.041   ,-13.216   ,5.018   ,-3.007   ,-16.204   ,4.271   ,-1.225   ,-16.549   ,3.754   ,-1.225   ,-16.549   ,3.754   ,0.67   ,-13.886   ,2.49   ,0.957   ,-11.109   ,2.279   ,0.957   ,-11.109   ,2.279   ,1.762   ,-8.485   ,3.064   ,1.762   ,-8.485   ,3.064   ,2.336   ,-8.351   ,3.294   ,2.451   ,-7.68   ,3.62   ,1.589   ,-6.205   ,2.624   ,1.589   ,-6.205   ,2.624   ,0.612   ,-4.616   ,-0.268   ,0.612   ,-4.616   ,-0.268   ,0.632   ,-4.673   ,-2.087   ,0.114   ,-5.478   ,-3.313   ,0.114   ,-5.478   ,-3.313   ,-0.421   ,-6.435   ,-3.428   ,-1.436   ,-8.044   ,-4.041   ,-2.585   ,-9.941   ,-2.758   ,-2.585   ,-9.941   ,-2.758   ,-3.217   ,-11.377   ,-1.091   ,-4.022   ,-12.89   ,-0.076   ,-4.577   ,-14.461   ,1.034   ,-4.577   ,-14.461   ,1.034   ,-4.539   ,-13.427   ,1.455   ,-3.294   ,-11.684   ,1.57   ,-0.996   ,-9.002   ,2.126   ,-0.996   ,-9.002   ,2.126   ,0.172   ,-8.102   ,1.589   ,0.536   ,-8.447   ,0.306   ,0.249   ,-9.27   ,-0.287   ,0.249   ,-9.27   ,-0.287   ,0.191   ,-9.653   ,-0.861   ,0.191   ,-9.653   ,-0.861   ,-0.076   ,-9.462   ,-1.225   ,-0.325   ,-8.925   ,-1.034   ,-0.325   ,-8.925   ,-1.034   ,-0.21   ,-9.079   ,-0.44   ,-0.287   ,-9.328   ,-0.459   ,-0.287   ,-9.328   ,-0.459   ,-0.325   ,-9.557   ,-0.402   ,-0.325   ,-9.557   ,-0.402   ,-0.344   ,-9.711   ,-0.095   ,-0.632   ,-9.692   ,0.268   ,-1.245   ,-9.538   ,0.114   ,-1.245   ,-9.538   ,0.114   ,-1.608   ,-9.519   ,-0.229   ,-2.106   ,-9.423   ,-0.478   ,-2.26   ,-9.328   ,-0.498   ,-2.26   ,-9.328   ,-0.498   ,-2.183   ,-9.289   ,-0.67   ,-2.03   ,-9.289   ,-0.536   ,-1.685   ,-9.213   ,-0.498   ,-1.685   ,-9.213   ,-0.498   ,-1.494   ,-9.251   ,-0.478   ,-1.149   ,-9.443   ,-0.517   ,-1.091   ,-9.443   ,-0.421   ,-1.091   ,-9.443   ,-0.421   ,-1.13   ,-9.596   ,-0.383   ,-1.168   ,-9.615   ,-0.536   ,-1.168   ,-9.73   ,-0.574   ,-1.168   ,-9.73   ,-0.574   ,-1.168   ,-9.826   ,-0.478   ,-1.13   ,-9.941   ,-0.421   ,-0.996   ,-9.941   ,-0.383   ,-0.996   ,-9.941   ,-0.383   ,-0.766   ,-9.921   ,-0.21   ,-0.842   ,-9.921   ,-0.229   ,-0.766   ,-10.151   ,-0.21   ,-0.766   ,-10.151   ,-0.21   ,-0.919   ,-10.4   ,-0.344   ,-1.283   ,-10.573   ,-0.555   ,-1.589   ,-10.573   ,-0.517   ,-1.589   ,-10.573   ,-0.517   ,-1.762   ,-10.534   ,-0.383   ,-1.838   ,-10.458   ,-0.268   ,-1.838   ,-10.458   ,-0.268   ,-1.857   ,-10.285   ,-0.44   ,-1.857   ,-10.285   ,-0.44   ,-2.126   ,-10.075   ,-0.708   ,-2.49   ,-9.787   ,-1.034   ,-2.49   ,-9.787   ,-1.034   ,-2.643   ,-9.768   ,-1.245   ,-2.643   ,-9.768   ,-1.245   ,-2.777   ,-10.094   ,-1.187   ,-2.892   ,-10.458   ,-1.436   ,-3.16   ,-11.032   ,-1.781   ,-3.16   ,-11.032   ,-1.781   ,-3.39   ,-11.396   ,-0.785   ,-3.352   ,-11.569   ,-0.153   ,-3.352   ,-11.569   ,-0.153   ,-2.988   ,-11.722   ,-0.402   ,-2.988   ,-11.722   ,-0.402   ,-2.26   ,-11.664   ,0.344   ,-1.972   ,-11.339   ,0.555   ,-1.972   ,-11.339   ,0.555   ,-1.628   ,-11.205   ,0.191   ,-1.628   ,-11.205   ,0.191   ,-1.398   ,-11.262   ,0.459   ,-1.072   ,-11.32   ,1.13   ,-0.804   ,-11.166   ,1.494   ,-0.804   ,-11.166   ,1.494   ,-0.268   ,-10.841   ,2.106   ,0.019   ,-10.688   ,2.49   ,0.555   ,-10.381   ,2.547   ,0.555   ,-10.381   ,2.547   ,0.919   ,-10.266   ,1.953   ,1.283   ,-10.094   ,1.225   ,1.283   ,-10.094   ,1.225   ,1.398   ,-9.998   ,0.383   ,1.398   ,-9.998   ,0.383   ,1.666   ,-10.228   ,-0.555   ,0.938   ,-10.496   ,-0.363   ,0.0   ,-11.166   ,0.287   ,0.0   ,-11.166   ,0.287   ,-0.498   ,-11.588   ,0.708   ,-0.919   ,-11.933   ,1.379   ,-0.919   ,-11.933   ,1.379   ,-0.938   ,-11.626   ,1.494   ,-0.938   ,-11.626   ,1.494   ,-0.919   ,-10.477   ,1.723   ,-0.804   ,-9.768   ,1.494   ,-0.823   ,-8.945   ,1.187   ,-0.823   ,-8.945   ,1.187   ,-0.842   ,-8.696   ,1.302   ,-0.938   ,-8.504   ,1.743   ,-1.283   ,-8.504   ,1.608   ,-1.283   ,-8.504   ,1.608   ,-1.513   ,-8.906   ,1.417   ,-1.781   ,-9.155   ,1.187   ,-1.589   ,-9.289   ,1.704   ,-1.589   ,-9.289   ,1.704   ,-1.149   ,-9.481   ,0.747   ,-0.919   ,-9.098   ,1.551   ,-0.919   ,-9.098   ,1.551   ,-0.632   ,-8.83   ,1.513   ,-0.632   ,-8.83   ,1.513   ,-0.114   ,-8.389   ,1.34   ,0.0   ,-7.68   ,1.168   ,0.325   ,-7.565   ,1.321   ,0.325   ,-7.565   ,1.321   ,0.038   ,-7.01   ,1.436   ,-0.536   ,-6.704   ,1.953   ,-0.536   ,-6.704   ,1.953   ,-0.747   ,-6.895   ,2.585   ,-0.747   ,-6.895   ,2.585   ,-0.957   ,-7.01   ,2.604   ,-1.11   ,-7.01   ,2.7   ,-1.398   ,-7.01   ,2.796   ,-1.398   ,-7.01   ,2.796   ,-1.647   ,-6.876   ,2.796   ,-1.953   ,-6.78   ,2.719   ,-1.953   ,-6.78   ,2.719   ,-2.145   ,-6.857   ,2.585   ,-2.145   ,-6.857   ,2.585   ,-2.279   ,-7.163   ,2.451   ,-2.279   ,-7.412   ,2.509   ,-2.106   ,-7.814   ,2.566   ,-2.106   ,-7.814   ,2.566   ,-2.087   ,-8.255   ,2.739   ,-2.662   ,-9.174   ,3.102   ,-3.313   ,-9.883   ,3.313   ,-3.313   ,-9.883   ,3.313   ,-4.769   ,-11.013   ,3.658   ,-5.324   ,-11.588   ,3.792   ,-6.091   ,-11.856   ,4.271   ,-6.091   ,-11.856   ,4.271   ,-5.861   ,-11.588   ,4.156   ,-4.309   ,-11.166   ,4.022   ,-4.003   ,-10.841   ,4.597   ,-4.003   ,-10.841   ,4.597   ,-2.892   ,-10.515   ,5.171   ,-2.221   ,-10.209   ,5.631   ,-1.723   ,-9.692   ,6.167   ,-1.723   ,-9.692   ,6.167   ,-1.589   ,-11.013   ,6.167   ,-0.747   ,-13.35   ,4.386   ,-0.747   ,-13.35   ,4.386   ,0.842   ,-13.293   ,3.505   ,1.379   ,-12.22   ,1.321   ,1.072   ,-11.243   ,0.593   ,1.072   ,-11.243   ,0.593   ,0.938   ,-11.224   ,2.528   ,0.938   ,-11.224   ,2.528   ,0.095   ,-12.22   ,4.405   ,-1.838   ,-11.396   ,5.344   ,-1.838   ,-11.396   ,5.344   ,-2.911   ,-8.791   ,3.62   ,-2.911   ,-8.791   ,3.62   ,-2.949   ,-5.727   ,-0.67   ,-1.838   ,-5.19   ,-1.934   ,-0.536   ,-5.42   ,-3.045   ,-0.536   ,-5.42   ,-3.045   ,-0.804   ,-6.282   ,-3.428   ,-1.321   ,-8.159   ,-2.968   ,-1.321   ,-8.159   ,-2.968   ,-1.628   ,-9.404   ,-2.355   ,-1.628   ,-9.404   ,-2.355   ,-1.857   ,-11.301   ,-1.723   ,-1.857   ,-12.488   ,-1.608   ,-1.532   ,-12.45   ,-1.11   ,-1.532   ,-12.45   ,-1.11   ,-1.532   ,-11.071   ,-1.034   ,-1.379   ,-9.155   ,-0.612   ,-0.842   ,-8.408   ,-0.344   ,-0.842   ,-8.408   ,-0.344   ,0.21   ,-8.427   ,0.057   ,0.593   ,-8.868   ,0.402   ,1.015   ,-9.73   ,-0.019   ,1.015   ,-9.73   ,-0.019   ,1.302   ,-10.151   ,-0.287   ,1.359   ,-9.787   ,-0.383   ,1.551   ,-9.5   ,0.114   ,1.551   ,-9.5   ,0.114   ,1.34   ,-9.519   ,0.229   ,0.976   ,-9.557   ,0.306   ,-0.019   ,-9.577   ,0.363   ,-0.019   ,-9.577   ,0.363   ,-0.804   ,-9.615   ,0.172   ,-1.704   ,-9.768   ,-0.402   ,-2.202   ,-9.672   ,-0.861   ,-2.202   ,-9.672   ,-0.861   ,-2.643   ,-9.366   ,-1.11   ,-2.758   ,-9.098   ,-1.283   ,-2.758   ,-8.964   ,-1.034   ,-2.758   ,-8.964   ,-1.034   ,-2.719   ,-8.983   ,-0.632   ,-2.317   ,-9.117   ,-0.344   ,-1.743   ,-9.328   ,-0.306   ,-1.743   ,-9.328   ,-0.306   ,-1.398   ,-9.385   ,-0.44   ,-1.053   ,-9.366   ,-0.498   ,-0.823   ,-9.385   ,-0.766   ,-0.823   ,-9.385   ,-0.766   ,-0.919   ,-9.328   ,-0.689   ,-1.13   ,-9.347   ,-0.574   ,-1.149   ,-9.423   ,-0.651   ,-1.149   ,-9.423   ,-0.651   ,-1.13   ,-9.462   ,-0.555   ,-0.976   ,-9.557   ,-0.459   ,-0.976   ,-9.557   ,-0.459   ,-0.823   ,-9.768   ,-0.536   ,-0.823   ,-9.768   ,-0.536   ,-0.632   ,-9.96   ,-0.632   ,-0.478   ,-10.017   ,-0.383   ,-0.268   ,-10.075   ,-0.191   ,-0.268   ,-10.075   ,-0.191   ,-0.229   ,-10.151   ,-0.344   ,-0.459   ,-10.285   ,-0.689   ,-0.689   ,-10.381   ,-0.804   ,-0.689   ,-10.381   ,-0.804   ,-0.996   ,-10.726   ,-0.861   ,-1.206   ,-10.803   ,-0.9   ,-1.455   ,-10.937   ,-0.823   ,-1.455   ,-10.937   ,-0.823   ,-1.321   ,-10.956   ,-0.555   ,-1.034   ,-10.898   ,-0.804   ,-1.13   ,-10.745   ,-1.187   ,-1.13   ,-10.745   ,-1.187   ,-2.413   ,-9.998   ,-1.302   ,-2.413   ,-9.998   ,-1.302   ,-2.662   ,-10.075   ,-0.708   ,-2.777   ,-10.477   ,-0.651   ,-2.777   ,-10.477   ,-0.651   ,-2.853   ,-11.013   ,-1.589   ,-2.853   ,-11.013   ,-1.589   ,-3.198   ,-11.76   ,-0.249   ,-3.16   ,-12.105   ,1.053   ,-3.16   ,-12.105   ,1.053   ,-2.892   ,-11.626   ,-0.114   ,-2.7   ,-11.377   ,-0.172   ,-2.336   ,-11.071   ,0.268   ,-2.336   ,-11.071   ,0.268   ,-2.26   ,-10.975   ,-0.114   ,-2.011   ,-11.262   ,-0.402   ,-1.628   ,-11.55   ,0.498   ,-1.628   ,-11.55   ,0.498   ,-1.206   ,-11.071   ,1.321   ,-1.015   ,-10.419   ,1.589   ,-0.402   ,-9.826   ,1.857   ,-0.402   ,-9.826   ,1.857   ,0.114   ,-9.634   ,1.915   ,0.861   ,-9.538   ,1.934   ,1.417   ,-9.443   ,1.857   ,1.417   ,-9.443   ,1.857   ,2.317   ,-9.615   ,1.245   ,2.853   ,-9.96   ,0.459   ,2.662   ,-10.515   ,-0.134   ,2.662   ,-10.515   ,-0.134   ,1.532   ,-11.013   ,0.344   ,0.517   ,-11.913   ,0.708   ,0.114   ,-12.45   ,0.976   ,0.114   ,-12.45   ,0.976   ,-0.076   ,-12.68   ,1.532   ,-0.344   ,-12.201   ,1.206   ,-0.344   ,-12.201   ,1.206   ,-0.747   ,-10.592   ,0.804   ,-0.747   ,-10.592   ,0.804   ,-0.842   ,-9.845   ,0.747   ,-1.245   ,-9.04   ,0.804   ,-1.245   ,-9.04   ,0.804   ,-1.551   ,-8.772   ,1.513   ,-1.953   ,-8.925   ,1.992   ,-2.183   ,-9.347   ,1.762   ,-2.183   ,-9.577   ,0.976   ,-2.183   ,-9.577   ,0.976   ,-2.298   ,-10.075   ,1.168   ,-1.589   ,-9.653   ,1.34   ,-1.11   ,-9.002   ,1.321   ,-1.11   ,-9.002   ,1.321   ,0.0   ,-8.312   ,1.359   ,0.555   ,-8.083   ,1.321   ,1.072   ,-7.872   ,1.455   ,1.072   ,-7.872   ,1.455   ,0.919   ,-7.585   ,1.647   ,0.632   ,-7.431   ,2.106   ,0.44   ,-7.527   ,2.183   ,0.44   ,-7.527   ,2.183   ,-0.076   ,-7.067   ,2.7   ,-0.153   ,-7.106   ,2.739   ,-0.287   ,-6.991   ,3.026   ,-0.287   ,-6.991   ,3.026   ,-0.651   ,-6.704   ,2.451   ,-1.053   ,-6.55   ,2.47   ,-1.455   ,-6.608   ,2.624   ,-1.455   ,-6.608   ,2.624   ,-1.992   ,-6.876   ,2.662   ,-2.279   ,-7.067   ,2.739   ,-2.604   ,-7.47   ,2.719   ,-2.604   ,-7.47   ,2.719   ,-2.681   ,-7.795   ,2.528   ,-2.739   ,-8.274   ,2.528   ,-2.585   ,-8.734   ,2.719   ,-2.585   ,-8.734   ,2.719   ,-2.451   ,-9.423   ,3.064   ,-2.681   ,-9.787   ,3.428   ,-2.968   ,-10.611   ,4.041   ,-2.968   ,-10.611   ,4.041   ,-4.137   ,-10.86   ,4.328   ,-3.773   ,-11.722   ,5.037   ,-3.332   ,-11.799   ,4.865   ,-3.332   ,-11.799   ,4.865   ,-3.62   ,-10.86   ,4.769   ,-3.428   ,-10.285   ,4.118   ,-3.428   ,-10.285   ,4.118   ,-2.47   ,-9.787   ,4.156   ,-2.47   ,-9.787   ,4.156   ,-1.666   ,-9.557   ,4.175   ,-1.053   ,-8.849   ,4.462   ,-1.053   ,-8.849   ,4.462   ,-0.842   ,-8.6   ,4.654   ,-0.842   ,-8.6   ,4.654   ,-0.612   ,-10.19   ,4.788   ,-0.325   ,-12.392   ,4.079   ,-0.325   ,-12.392   ,4.079   ,1.513   ,-13.388   ,2.643   ,1.513   ,-13.388   ,2.643   ,2.241   ,-13.293   ,2.126   ,1.666   ,-12.143   ,0.536   ,0.708   ,-11.09   ,0.9   ,0.708   ,-11.09   ,0.9   ,-0.383   ,-10.515   ,3.888   ,-1.091   ,-11.109   ,5.688   ,-1.762   ,-10.419   ,5.267   ,-1.762   ,-10.419   ,5.267   ,-1.57   ,-9.385   ,3.677   ,-0.785   ,-7.412   ,1.034   ,-0.095   ,-6.512   ,-0.44   ,-0.095   ,-6.512   ,-0.44   ,0.612   ,-6.11   ,-2.509   ,0.498   ,-6.608   ,-3.064   ,-0.383   ,-7.661   ,-3.39   ,-0.383   ,-7.661   ,-3.39   ,-0.919   ,-8.523   ,-3.256   ,-0.919   ,-8.523   ,-3.256   ,-1.283   ,-10.343   ,-2.202   ,-1.666   ,-11.205   ,-1.513   ,-1.666   ,-11.205   ,-1.513   ,-2.336   ,-11.856   ,-0.555   ,-2.336   ,-11.856   ,-0.555   ,-2.7   ,-11.722   ,0.153   ,-2.413   ,-10.803   ,0.498   ,-2.413   ,-10.803   ,0.498   ,-1.685   ,-10.305   ,0.67   ,-1.685   ,-10.305   ,0.67   ,-0.574   ,-9.787   ,1.053   ,0.306   ,-9.615   ,1.302   ,0.306   ,-9.615   ,1.302   ,1.245   ,-9.366   ,1.053   ,1.455   ,-9.404   ,0.766   ,1.436   ,-9.672   ,0.268   ,1.436   ,-9.672   ,0.268   ,1.321   ,-9.538   ,-0.038   ,0.919   ,-9.845   ,0.363   ,0.306   ,-9.557   ,0.306   ,0.306   ,-9.557   ,0.306   ,-0.976   ,-9.27   ,-0.076   ,-1.455   ,-9.404   ,-0.268   ,-1.455   ,-9.404   ,-0.268   ,-1.743   ,-9.615   ,-0.076   ,-1.743   ,-9.615   ,-0.076   ,-2.413   ,-9.098   ,-0.153   ,-2.643   ,-9.098   ,-0.057   ,-2.298   ,-9.462   ,0.019   ,-2.298   ,-9.462   ,0.019   ,-2.087   ,-9.404   ,0.057   ,-1.781   ,-9.404   ,0.268   ,-1.781   ,-9.404   ,0.268   ,-1.436   ,-9.596   ,0.172   ,-1.321   ,-9.481   ,0.114   ,-1.225   ,-9.136   ,0.191   ,-1.225   ,-9.136   ,0.191   ,-1.283   ,-9.213   ,0.21   ,-1.283   ,-9.213   ,0.21   ,-1.666   ,-9.059   ,0.191   ,-1.743   ,-9.213   ,0.229   ,-1.743   ,-9.404   ,0.191   ,-1.743   ,-9.404   ,0.191   ,-1.743   ,-9.404   ,0.0   ,-1.436   ,-9.404   ,-0.172   ,-1.436   ,-9.404   ,-0.172   ,-1.225   ,-9.443   ,-0.268   ,-1.225   ,-9.443   ,-0.268   ,-0.823   ,-9.366   ,-0.344   ,-0.766   ,-9.289   ,-0.383   ,-0.766   ,-9.289   ,-0.383   ,-0.766   ,-9.194   ,-0.632   ,-0.766   ,-9.194   ,-0.632   ,-0.804   ,-9.174   ,-0.9   ,-0.804   ,-9.174   ,-0.9   ,-0.861   ,-9.404   ,-1.283   ,-0.823   ,-9.366   ,-1.283   ,-0.823   ,-9.366   ,-1.283   ,-0.881   ,-9.213   ,-1.245   ,-0.842   ,-9.232   ,-1.34   ,-0.842   ,-9.232   ,-1.34   ,-0.651   ,-9.404   ,-1.379   ,-0.651   ,-9.404   ,-1.379   ,-0.823   ,-9.634   ,-1.264   ,-1.149   ,-10.017   ,-1.034   ,-1.168   ,-10.228   ,-1.034   ,-1.168   ,-10.228   ,-1.034   ,-1.225   ,-10.151   ,-1.379   ,-1.187   ,-10.209   ,-1.743   ,-1.321   ,-10.228   ,-1.972   ,-1.321   ,-10.228   ,-1.972   ,-1.072   ,-10.305   ,-1.915   ,-0.344   ,-10.707   ,-1.302   ,-0.344   ,-10.707   ,-1.302   ,0.498   ,-12.009   ,-0.076   ,0.498   ,-12.009   ,-0.076   ,0.785   ,-13.197   ,0.478   ,1.149   ,-14.825   ,1.685   ,1.685   ,-15.285   ,1.762   ,1.685   ,-15.285   ,1.762   ,-0.67   ,-12.622   ,0.153   ,-1.206   ,-11.205   ,0.095   ,-0.842   ,-11.109   ,0.229   ,-0.842   ,-11.109   ,0.229   ,-0.747   ,-11.358   ,0.057   ,-0.555   ,-11.377   ,0.019   ,-0.555   ,-11.377   ,0.019   ,-0.517   ,-11.186   ,0.21   ,-0.517   ,-11.186   ,0.21   ,-0.498   ,-10.822   ,0.823   ,-0.498   ,-10.822   ,0.823   ,0.019   ,-10.4   ,1.494   ,0.019   ,-10.4   ,1.494   ,1.206   ,-9.979   ,2.604   ,2.317   ,-9.692   ,3.007   ,3.639   ,-9.577   ,2.624   ,4.348   ,-9.615   ,2.03   ,4.348   ,-9.615   ,2.03   ,4.903   ,-10.056   ,1.34   ,4.903   ,-10.056   ,1.34   ,4.865   ,-10.4   ,0.919   ,4.003   ,-10.764   ,-0.076   ,3.122   ,-11.147   ,-0.287   ,2.049   ,-11.435   ,-0.325   ,1.57   ,-11.607   ,-0.057   ,1.57   ,-11.607   ,-0.057   ,1.053   ,-11.492   ,0.861   ,0.268   ,-11.09   ,0.44   ,-0.172   ,-10.132   ,0.555   ,-0.172   ,-10.132   ,0.555   ,-0.363   ,-9.73   ,0.44   ,-0.823   ,-9.5   ,1.13   ,-0.804   ,-9.5   ,1.608   ,-0.804   ,-9.5   ,1.608   ,-0.574   ,-9.634   ,2.068   ,0.172   ,-9.519   ,1.608   ,0.344   ,-9.826   ,1.091   ,0.344   ,-9.826   ,1.091   ,0.459   ,-9.385   ,1.149   ,1.187   ,-8.925   ,1.685   ,1.57   ,-8.504   ,1.666   ,1.57   ,-8.504   ,1.666   ,1.781   ,-7.91   ,1.8   ,1.896   ,-7.814   ,1.628   ,1.513   ,-7.489   ,1.685   ,1.513   ,-7.489   ,1.685   ,1.359   ,-7.47   ,2.049   ,0.919   ,-6.933   ,2.604   ,0.919   ,-6.933   ,2.604   ,0.861   ,-6.704   ,2.528   ,0.861   ,-6.704   ,2.528   ,0.976   ,-6.512   ,2.279   ,1.11   ,-6.34   ,2.164   ,1.11   ,-6.34   ,2.164   ,0.976   ,-6.148   ,2.049   ,0.976   ,-6.148   ,2.049   ,0.67   ,-6.167   ,2.336   ,0.134   ,-6.34   ,2.719   ,-0.172   ,-6.531   ,2.815   ,-0.172   ,-6.531   ,2.815   ,-0.44   ,-6.838   ,2.834   ,-1.091   ,-6.78   ,3.026   ,-1.091   ,-7.355   ,3.083   ,-1.091   ,-7.355   ,3.083   ,-0.785   ,-7.795   ,2.988   ,-0.957   ,-8.332   ,3.466   ,-0.804   ,-8.791   ,3.754   ,-0.804   ,-8.791   ,3.754   ,-0.727   ,-9.519   ,3.964   ,-0.9   ,-10.094   ,4.233   ,-0.9   ,-10.094   ,4.233   ,-1.11   ,-10.803   ,4.501   ,-1.11   ,-10.803   ,4.501   ,-1.417   ,-11.09   ,4.673   ,-1.723   ,-11.224   ,4.96   ,-1.819   ,-10.975   ,5.095   ,-1.819   ,-10.975   ,5.095   ,-1.857   ,-10.496   ,5.324   ,-1.857   ,-10.094   ,5.554   ,-0.842   ,-9.596   ,5.669   ,-0.842   ,-9.596   ,5.669   ,-0.612   ,-10.036   ,5.995   ,1.321   ,-13.178   ,5.746   ,2.317   ,-15.38   ,5.324   ,2.317   ,-15.38   ,5.324   ,4.137   ,-15.572   ,3.984   ,3.447   ,-13.982   ,2.662   ,2.643   ,-10.592   ,0.842   ,2.643   ,-10.592   ,0.842   ,2.566   ,-9.845   ,0.938   ,3.466   ,-9.711   ,3.007   ,3.677   ,-9.059   ,4.003   ,3.677   ,-9.059   ,4.003   ,1.838   ,-6.953   ,2.968   ,0.727   ,-5.995   ,1.321   ,0.727   ,-5.995   ,-0.957   ,0.727   ,-5.995   ,-0.957   ,1.187   ,-6.378   ,-2.126   ,1.034   ,-7.24   ,-3.102   ,1.034   ,-7.24   ,-3.102   ,1.187   ,-8.408   ,-3.505   ,1.187   ,-8.408   ,-3.505   ,0.402   ,-10.075   ,-3.486   ,-0.612   ,-10.381   ,-2.796   ,-0.612   ,-10.381   ,-2.796   ,-1.608   ,-11.281   ,0.823   ,-2.509   ,-11.569   ,3.083   ,-2.509   ,-11.569   ,3.083   ,-2.068   ,-10.803   ,2.145   ,-0.593   ,-10.63   ,1.321   ,-0.593   ,-10.63   ,1.321   ,0.363   ,-9.672   ,0.459   ,1.13   ,-9.385   ,-0.229   ,2.106   ,-9.328   ,-0.344   ,2.106   ,-9.328   ,-0.344   ,2.183   ,-9.385   ,-0.21   ,2.183   ,-9.385   ,-0.21   ,2.413   ,-9.443   ,0.363   ,2.413   ,-9.443   ,0.363   ,1.857   ,-9.079   ,0.229   ,1.628   ,-9.481   ,0.038   ,1.264   ,-9.845   ,-0.325   ,0.651   ,-9.902   ,-0.134   ,0.651   ,-9.902   ,-0.134   ,0.038   ,-9.73   ,0.134   ,-0.383   ,-9.921   ,0.229   ,-0.459   ,-9.921   ,-0.038   ,-0.459   ,-9.921   ,-0.038   ,-0.344   ,-9.826   ,-0.632   ,-0.421   ,-9.653   ,-0.727   ,-0.268   ,-9.385   ,-0.976   ,-0.268   ,-9.385   ,-0.976   ,-0.057   ,-9.194   ,-0.727   ,0.287   ,-9.021   ,-0.44   ,0.574   ,-9.04   ,0.076   ,0.574   ,-9.04   ,0.076   ,0.689   ,-9.251   ,0.344   ,0.689   ,-9.27   ,0.287   ,0.191   ,-9.251   ,-0.114   ,0.191   ,-9.251   ,-0.114   ,0.076   ,-9.27   ,-0.249   ,-0.076   ,-9.098   ,-0.268   ,-0.076   ,-9.098   ,-0.268   ,-0.076   ,-9.098   ,-0.268   ,-0.153   ,-9.079   ,-0.306   ,-0.019   ,-9.213   ,-0.325   ,0.114   ,-9.289   ,-0.612   ,0.114   ,-9.289   ,-0.612   ,0.249   ,-9.308   ,-0.612   ,0.459   ,-9.941   ,-0.555   ,0.459   ,-9.941   ,-0.555   ,0.555   ,-10.209   ,-0.632   ,1.034   ,-9.787   ,-0.612   ,1.13   ,-9.328   ,-0.919   ,1.13   ,-9.328   ,-0.919   ,0.842   ,-8.715   ,-1.091   ,0.842   ,-8.715   ,-1.091   ,0.517   ,-8.676   ,-0.996   ,0.0   ,-9.213   ,-1.072   ,0.0   ,-9.213   ,-1.072   ,-0.019   ,-9.443   ,-1.053   ,-0.019   ,-9.443   ,-1.053   ,0.076   ,-9.366   ,-0.938   ,0.344   ,-9.289   ,-0.996   ,0.727   ,-9.423   ,-0.996   ,0.727   ,-9.423   ,-0.996   ,1.072   ,-9.672   ,-0.9   ,1.551   ,-10.458   ,-0.632   ,2.221   ,-11.09   ,-0.498   ,2.221   ,-11.09   ,-0.498   ,3.352   ,-12.239   ,-0.593   ,3.562   ,-12.68   ,-0.517   ,1.359   ,-11.147   ,-0.574   ,1.359   ,-11.147   ,-0.574   ,0.114   ,-10.17   ,-1.015   ,-0.153   ,-10.592   ,-1.225   ,-0.038   ,-11.262   ,-1.149   ,-0.038   ,-11.262   ,-1.149   ,0.019   ,-11.894   ,-0.268   ,0.057   ,-11.913   ,0.708   ,0.057   ,-11.913   ,0.708   ,0.21   ,-11.607   ,1.015   ,0.21   ,-11.607   ,1.015   ,0.344   ,-11.301   ,0.612   ,0.67   ,-11.186   ,0.747   ,0.766   ,-11.339   ,0.727   ,0.766   ,-11.339   ,0.727   ,0.976   ,-11.722   ,0.44   ,1.206   ,-11.645   ,0.67   ,1.494   ,-10.994   ,1.513   ,1.494   ,-10.994   ,1.513   ,1.781   ,-10.496   ,1.857   ,2.126   ,-10.036   ,1.915   ,2.834   ,-9.883   ,1.992   ,2.834   ,-9.883   ,1.992   ,3.524   ,-9.749   ,1.819   ,4.137   ,-9.423   ,1.417   ,4.328   ,-9.404   ,0.44   ,4.328   ,-9.404   ,0.44   ,4.06   ,-9.73   ,-0.229   ,3.888   ,-9.883   ,-0.823   ,3.888   ,-9.883   ,-0.823   ,3.62   ,-9.96   ,-1.685   ,3.62   ,-9.96   ,-1.685   ,3.141   ,-10.477   ,-1.704   ,2.643   ,-11.262   ,-1.149   ,2.528   ,-11.626   ,-0.191   ,2.528   ,-11.626   ,-0.191   ,2.566   ,-11.396   ,0.938   ,2.298   ,-11.071   ,1.264   ,1.283   ,-9.883   ,1.743   ,1.283   ,-9.883   ,1.743   ,1.302   ,-9.73   ,1.666   ,1.091   ,-8.925   ,1.321   ,1.091   ,-8.925   ,1.321   ,0.785   ,-8.925   ,1.302   ,0.785   ,-8.925   ,1.302   ,0.823   ,-9.672   ,1.149   ,0.976   ,-9.653   ,1.206   ,1.072   ,-8.925   ,1.302   ,1.072   ,-8.925   ,1.302   ,1.398   ,-8.351   ,1.283   ,2.336   ,-7.738   ,1.053   ,2.93   ,-7.604   ,1.398   ,2.93   ,-7.604   ,1.398   ,3.141   ,-7.202   ,1.57   ,2.93   ,-7.355   ,1.628   ,2.604   ,-7.546   ,2.049   ,2.604   ,-7.546   ,2.049   ,2.241   ,-7.642   ,2.355   ,2.106   ,-7.776   ,2.758   ,2.011   ,-8.14   ,2.93   ,2.011   ,-8.14   ,2.93   ,1.857   ,-8.063   ,2.911   ,1.781   ,-8.063   ,2.681   ,1.57   ,-7.776   ,2.413   ,1.57   ,-7.776   ,2.413   ,1.551   ,-7.508   ,2.241   ,1.168   ,-7.029   ,2.413   ,0.919   ,-6.608   ,2.528   ,0.919   ,-6.608   ,2.528   ,0.612   ,-6.033   ,2.528   ,0.325   ,-5.669   ,2.432   ,0.325   ,-5.918   ,2.624   ,0.325   ,-5.918   ,2.624   ,0.612   ,-6.378   ,2.604   ,0.517   ,-6.838   ,2.681   ,0.766   ,-7.47   ,2.585   ,0.766   ,-7.47   ,2.585   ,0.747   ,-8.504   ,2.7   ,0.612   ,-9.27   ,2.7   ,0.612   ,-9.27   ,2.7   ,0.478   ,-10.4   ,3.045   ,0.478   ,-10.4   ,3.045   ,0.21   ,-10.917   ,3.428   ,0.153   ,-10.917   ,3.505   ,0.153   ,-10.917   ,3.505   ,0.9   ,-6.205   ,3.141   ,0.9   ,-6.205   ,3.141   ,0.363   ,-11.358   ,5.305   ,0.363   ,-11.358   ,5.305   ,0.038   ,-11.703   ,4.597   ,-0.459   ,-12.507   ,4.501   ,-0.459   ,-12.507   ,4.501   ,-0.67   ,-12.354   ,4.577   ,-0.632   ,-10.975   ,3.735   ,0.498   ,-10.075   ,3.792   ,0.498   ,-10.075   ,3.792   ,2.145   ,-9.423   ,3.83   ,2.988   ,-9.557   ,3.601   ,2.988   ,-9.557   ,3.601   ,4.118   ,-11.128   ,2.892   ,4.118   ,-11.128   ,2.892   ,5.037   ,-12.22   ,2.566   ,5.631   ,-11.837   ,1.359   ,5.382   ,-11.205   ,0.191   ,5.382   ,-11.205   ,0.191   ,4.079   ,-9.002   ,-0.747   ,3.122   ,-8.925   ,0.191   ,2.911   ,-11.645   ,3.371   ,2.911   ,-11.645   ,3.371   ,2.988   ,-11.799   ,3.85   ,3.524   ,-9.519   ,2.7   ,3.658   ,-7.987   ,0.957   ,3.658   ,-7.987   ,0.957   ,3.543   ,-6.493   ,-1.398   ,3.237   ,-6.378   ,-2.758   ,2.566   ,-7.125   ,-4.233   ,2.566   ,-7.125   ,-4.233   ,2.145   ,-7.949   ,-4.405   ,2.049   ,-9.883   ,-2.662   ,1.168   ,-11.664   ,0.976   ,1.168   ,-11.664   ,0.976   ,-0.747   ,-12.795   ,4.175   ,-1.168   ,-12.124   ,2.834   ,0.689   ,-10.63   ,0.957   ,0.689   ,-10.63   ,0.957   ,2.202   ,-9.826   ,0.114   ,3.026   ,-8.676   ,-0.651   ,3.275   ,-7.853   ,-1.187   ,3.275   ,-7.853   ,-1.187   ,3.85   ,-7.853   ,-1.532   ,4.348   ,-8.312   ,-1.11   ,4.348   ,-8.312   ,-1.11   ,4.692   ,-8.466   ,0.651   ,4.692   ,-8.466   ,0.651   ,4.271   ,-8.427   ,1.398   ,2.796   ,-8.791   ,0.996   ,1.953   ,-9.328   ,0.919   ,1.953   ,-9.328   ,0.919   ,1.015   ,-10.592   ,1.11   ,0.498   ,-10.496   ,1.11   ,-0.019   ,-9.481   ,1.417   ,-0.019   ,-9.481   ,1.417   ,0.21   ,-9.615   ,1.321   ,1.417   ,-9.921   ,1.321   ,1.359   ,-9.385   ,1.398   ,1.359   ,-9.385   ,1.398   ,1.283   ,-8.81   ,0.766   ,1.379   ,-8.849   ,0.44   ,1.436   ,-9.615   ,0.478   ,1.436   ,-9.615   ,0.478   ,1.11   ,-9.807   ,0.651   ,0.804   ,-9.749   ,0.785   ,1.225   ,-9.557   ,0.881   ,1.225   ,-9.557   ,0.881   ,2.298   ,-5.344   ,0.689   ,0.651   ,-7.067   ,2.892   ,0.593   ,-11.971   ,1.934   ,0.593   ,-11.971   ,1.934   ,0.536   ,-12.009   ,1.225   ,0.9   ,-11.032   ,1.149   ,1.762   ,-10.19   ,1.168   ,1.762   ,-10.19   ,1.168   ,2.413   ,-9.462   ,0.421   ,2.317   ,-9.289   ,0.363   ,2.317   ,-9.481   ,0.459   ,2.317   ,-9.481   ,0.459   ,1.992   ,-9.711   ,0.306   ,1.417   ,-9.998   ,0.459   ,1.417   ,-9.998   ,0.459   ,1.551   ,-9.979   ,0.325   ,1.551   ,-9.979   ,0.325   ,1.551   ,-9.73   ,0.019   ,1.359   ,-9.538   ,0.229   ,1.187   ,-9.328   ,0.363   ,1.187   ,-9.328   ,0.363   ,1.053   ,-9.634   ,0.478   ,1.187   ,-11.454   ,0.996   ,0.747   ,-11.569   ,0.689   ,0.747   ,-11.569   ,0.689   ,0.747   ,-10.707   ,0.651   ,0.727   ,-10.362   ,0.306   ,0.727   ,-10.362   ,0.306   ,0.134   ,-10.266   ,0.44   ,-0.172   ,-10.4   ,0.268   ,0.287   ,-10.63   ,0.478   ,0.287   ,-10.63   ,0.478   ,0.402   ,-10.17   ,0.612   ,0.402   ,-10.17   ,0.612   ,0.67   ,-9.672   ,-0.038   ,0.249   ,-9.538   ,-0.612   ,-0.708   ,-8.945   ,-0.574   ,-0.708   ,-8.945   ,-0.574   ,-1.187   ,-9.136   ,-0.651   ,-1.379   ,-9.538   ,-0.363   ,1.072   ,-10.554   ,0.172   ,1.072   ,-10.554   ,0.172   ,3.102   ,-11.013   ,0.114   ,2.241   ,-11.281   ,-0.459   ,1.455   ,-11.626   ,-0.957   ,1.455   ,-11.626   ,-0.957   ,1.225   ,-10.707   ,-1.685   ,1.321   ,-9.538   ,-1.896   ,0.919   ,-9.979   ,-1.781   ,0.919   ,-9.979   ,-1.781   ,-0.095   ,-11.281   ,-0.938   ,-0.632   ,-11.684   ,0.019   ,-0.632   ,-11.684   ,0.019   ,-0.651   ,-11.703   ,1.34   ,-0.057   ,-12.239   ,2.011   ,0.9   ,-12.737   ,2.432   ,1.168   ,-11.875   ,2.279   ,1.168   ,-11.875   ,2.279   ,1.513   ,-10.381   ,1.723   ,1.302   ,-10.17   ,2.202   ,0.593   ,-10.592   ,2.739   ,0.593   ,-10.592   ,2.739   ,0.344   ,-10.63   ,2.145   ,-0.823   ,-10.209   ,0.498   ,-3.85   ,-8.791   ,-1.628   ,-3.85   ,-8.791   ,-1.628   ,-3.811   ,-9.5   ,0.344   ,-3.313   ,-9.807   ,1.015   ,-2.873   ,-9.404   ,0.823   ,-2.873   ,-9.404   ,0.823   ,-2.566   ,-9.404   ,1.034   ,-2.241   ,-9.845   ,1.436   ,-2.087   ,-9.749   ,1.972   ,-2.087   ,-9.749   ,1.972   ,-1.762   ,-9.557   ,2.719   ,-0.651   ,-8.178   ,2.796   ,-0.651   ,-8.178   ,2.796   ,-0.421   ,-7.259   ,2.528   ,-1.915   ,-8.696   ,1.819   ,-2.585   ,-9.385   ,1.723   ,-2.585   ,-9.385   ,1.723   ,-3.964   ,-8.676   ,1.532   ,-3.964   ,-8.676   ,1.532   ,-3.524   ,-7.048   ,2.049   ,-3.524   ,-6.608   ,1.723   ,-3.007   ,-7.853   ,1.992   ,-3.007   ,-7.853   ,1.992   ,-2.509   ,-9.098   ,2.068   ,-3.026   ,-9.941   ,2.241   ,-2.681   ,-10.554   ,2.566   ,-2.681   ,-10.554   ,2.566   ,-2.739   ,-11.128   ,2.681   ,-2.739   ,-11.128   ,2.681   ,-3.543   ,-12.105   ,2.662   ,-3.773   ,-13.293   ,2.949   ,-3.773   ,-13.293   ,2.949   ,-4.118   ,-15.361   ,2.7   ,-5.133   ,-13.906   ,1.532   ,-4.558   ,-12.833   ,1.762   ,-4.558   ,-12.833   ,1.762   ,-3.62   ,-12.162   ,1.685   ,-0.555   ,-9.902   ,1.896   ,-1.302   ,-10.917   ,2.432   ,-1.302   ,-10.917   ,2.432   ,-2.451   ,-8.638   ,2.585   ,-2.451   ,-8.638   ,2.585   ,-1.934   ,-8.102   ,2.106   ,-1.11   ,-9.021   ,2.221   ,-1.11   ,-9.021   ,2.221   ,-0.938   ,-9.002   ,2.394   ,-1.685   ,-9.404   ,2.815   ,-1.857   ,-7.776   ,2.93   ,-1.857   ,-7.776   ,2.93   ,-2.968   ,-7.949   ,4.328   ,-3.85   ,-7.297   ,3.543   ,-2.949   ,-8.696   ,5.209   ,-2.949   ,-8.696   ,5.209   ,-2.758   ,-10.688   ,5.458   ,-3.447   ,-10.783   ,3.715   ,-4.041   ,-9.998   ,4.826   ,-4.041   ,-9.998   ,4.826   ,-0.976   ,-12.641   ,5.248   ,0.325   ,-10.764   ,3.907   ,-5.075   ,-7.489   ,2.145   ,-5.075   ,-7.489   ,2.145   ,-4.348   ,-10.534   ,0.938   ,-5.803   ,-10.783   ,2.604   ,-5.803   ,-10.783   ,2.604   ,-5.458   ,-10.285   ,3.007   ,-5.458   ,-10.285   ,3.007   ,-4.079   ,-9.366   ,2.7   ,-3.256   ,-9.347   ,3.601   ,-3.486   ,-8.408   ,4.099   ,-3.486   ,-8.408   ,4.099   ,-2.624   ,-8.063   ,3.658   ,-6.359   ,-5.995   ,2.528   ,-4.29   ,-6.914   ,4.118   ,-4.29   ,-6.914   ,4.118   ,-4.98   ,-7.374   ,2.394   ,-6.071   ,-6.033   ,2.7   ,-5.075   ,-7.968   ,5.344   ,-5.075   ,-7.968   ,5.344   ,-5.784   ,-6.972   ,5.401   ,-5.324   ,-7.68   ,5.171   ,-5.688   ,-7.412   ,4.309   ,-5.688   ,-7.412   ,4.309   ,-6.359   ,-6.895   ,4.022   ,-7.604   ,-6.646   ,2.451   ,-6.972   ,-7.336   ,2.164   ,-6.972   ,-7.336   ,2.164   ,-8.37   ,-6.512   ,0.996   ,-8.025   ,-6.474   ,1.743   ,-8.351   ,-6.512   ,1.819   ,-8.351   ,-6.512   ,1.819   ,-8.849   ,-5.861   ,2.394   ,-9.27   ,-5.669   ,2.202   ,-10.113   ,-5.075   ,1.608   ,-10.113   ,-5.075   ,1.608   ,-10.63   ,-4.654   ,1.417   ,-11.301   ,-4.348   ,1.11   ,-11.645   ,-4.348   ,0.785   ,-11.645   ,-4.348   ,0.785   ,-11.856   ,-4.367   ,0.229   ,-11.799   ,-4.731   ,-0.019   ,-11.588   ,-5.42   ,0.0   ,-11.588   ,-5.42   ,0.0   ,-11.626   ,-5.918   ,-0.095   ,-11.607   ,-5.956   ,0.517   ,-11.645   ,-5.956   ,1.11   ,-11.645   ,-5.956   ,1.11   ,-11.607   ,-6.225   ,1.762   ,-11.358   ,-6.55   ,2.03   ,-11.358   ,-6.55   ,2.03   ,-10.975   ,-7.585   ,1.57   ,-10.975   ,-7.585   ,1.57   ,-10.937   ,-7.527   ,1.206   ,-10.63   ,-7.738   ,1.857   ,-10.63   ,-7.738   ,1.857   ,-10.17   ,-8.408   ,2.164   ,-10.17   ,-8.408   ,2.164   ,-9.462   ,-8.657   ,2.566   ,-8.925   ,-8.6   ,2.796   ,-8.198   ,-8.427   ,3.007   ,-8.198   ,-8.427   ,3.007   ,-7.795   ,-7.987   ,3.122   ,-7.221   ,-7.489   ,3.237   ,-6.876   ,-7.546   ,3.102   ,-6.876   ,-7.546   ,3.102   ,-6.435   ,-7.565   ,2.815   ,-6.282   ,-7.604   ,2.93   ,-5.88   ,-8.159   ,3.352   ,-5.88   ,-8.159   ,3.352   ,-5.631   ,-8.14   ,4.079   ,-5.075   ,-7.47   ,4.846   ,-4.635   ,-7.125   ,5.286   ,-4.635   ,-7.125   ,5.286   ,-4.328   ,-6.301   ,5.516   ,-3.773   ,-5.573   ,2.777   ,-2.681   ,-3.754   ,6.953   ,-2.681   ,-3.754   ,6.953   ,-2.566   ,-3.505   ,6.991   ,-2.279   ,-4.156   ,9.059   ,-3.237   ,-4.424   ,10.496   ,-3.237   ,-4.424   ,10.496   ,-4.156   ,-3.85   ,12.392   ,-3.984   ,-2.585   ,9.787   ,-3.256   ,-2.815   ,7.968   ,-3.256   ,-2.815   ,7.968   ,-4.328   ,-2.221   ,5.899   ,-5.286   ,-1.704   ,5.765   ,-4.846   ,-2.011   ,6.895   ,-4.846   ,-2.011   ,6.895   ,-4.846   ,-1.877   ,9.174   ,-3.85   ,-1.551   ,11.147   ,-1.302   ,-1.436   ,11.894   ,-1.302   ,-1.436   ,11.894   ,-0.44   ,-1.283   ,11.971   ,-0.459   ,-0.632   ,12.392   ,-0.421   ,-0.287   ,12.239   ,-0.421   ,-0.287   ,12.239   ,0.057   ,-0.268   ,12.143   ,-0.019   ,0.325   ,11.799   ,0.957   ,0.383   ,10.745   ,0.957   ,0.383   ,10.745   ,0.861   ,1.206   ,10.994   ,1.302   ,1.034   ,10.266   ,1.302   ,1.034   ,10.266   ,1.915   ,1.321   ,10.515   ,1.915   ,1.321   ,10.515   ,1.934   ,2.126   ,10.917   ,1.283   ,2.183   ,10.247   ,0.593   ,1.838   ,9.308   ,0.593   ,1.838   ,9.308   ,0.153   ,1.743   ,8.696   ,-0.574   ,1.762   ,7.853   ,-0.076   ,1.666   ,7.067   ,-0.076   ,1.666   ,7.067   ,1.187   ,1.302   ,6.378   ,1.245   ,1.704   ,6.761   ,0.708   ,2.47   ,7.642   ,0.708   ,2.47   ,7.642   ,0.593   ,2.528   ,8.178   ,0.095   ,3.505   ,11.856   ,0.095   ,3.505   ,11.856   ,0.363   ,2.853   ,10.151   ,-0.9   ,3.371   ,8.504   ,-1.015   ,4.405   ,8.466   ,-0.325   ,4.826   ,8.868   ,-0.325   ,4.826   ,8.868   ,0.153   ,4.941   ,8.964   ,1.187   ,5.593   ,9.021   ,1.455   ,5.937   ,9.002   ,1.455   ,5.937   ,9.002   ,1.896   ,6.033   ,8.217   ,1.551   ,6.244   ,8.657   ,0.804   ,6.531   ,8.964   ,0.804   ,6.531   ,8.964   ,0.823   ,6.435   ,8.753   ,0.325   ,6.454   ,8.734   ,0.249   ,6.454   ,8.504   ,0.249   ,6.454   ,8.504   ,-0.019   ,6.397   ,8.178   ,-0.076   ,6.244   ,7.757   ,0.172   ,6.186   ,6.953   ,0.172   ,6.186   ,6.953   ,0.191   ,6.091   ,6.761   ,0.153   ,5.88   ,6.608   ,0.191   ,5.765   ,6.512   ,0.191   ,5.765   ,6.512   ,0.038   ,5.727   ,6.646   ,-0.019   ,5.765   ,6.684   ,0.114   ,5.88   ,6.704   ,0.114   ,5.88   ,6.704   ,0.21   ,5.899   ,6.799   ,0.249   ,5.956   ,7.01   ,0.249   ,5.956   ,7.01   ,0.134   ,5.937   ,7.221   ,0.134   ,5.937   ,7.221   ,0.21   ,5.746   ,7.546   ,0.21   ,5.746   ,7.546   ,0.344   ,5.631   ,7.738   ,0.459   ,5.554   ,7.776   ,0.459   ,5.554   ,7.776   ,0.651   ,5.535   ,7.489   ,0.804   ,5.497   ,7.278   ,0.804   ,5.497   ,7.278   ,0.823   ,5.573   ,7.01   ,0.823   ,5.573   ,7.01   ,0.861   ,5.612   ,6.914   ,0.9   ,5.707   ,6.818   ,0.9   ,5.707   ,6.818   ,0.9   ,5.803   ,6.742   ,0.9   ,5.803   ,6.742   ,0.938   ,5.899   ,6.78   ,0.919   ,5.918   ,6.799   ,0.919   ,5.918   ,6.799   ,0.861   ,5.956   ,6.857   ,0.861   ,5.956   ,6.857   ,0.919   ,5.976   ,7.029   ,0.976   ,5.937   ,7.067   ,1.034   ,5.995   ,7.067   ,1.034   ,5.995   ,7.067   ,1.091   ,6.014   ,7.087   ,1.072   ,6.052   ,7.087   ,1.072   ,6.052   ,7.087   ,1.11   ,6.033   ,7.182   ,1.11   ,6.033   ,7.182   ,1.149   ,5.995   ,7.297   ,1.225   ,5.976   ,7.508   ,1.225   ,5.976   ,7.508   ,1.187   ,6.052   ,7.604   ,1.187   ,6.052   ,7.604   ,1.149   ,6.033   ,7.585   ,0.957   ,6.071   ,7.527   ,0.957   ,6.071   ,7.527   ,0.938   ,6.091   ,7.374   ,0.919   ,6.129   ,7.259   ,0.919   ,6.129   ,7.259   ,0.785   ,6.186   ,7.106   ,0.651   ,6.186   ,6.953   ,0.689   ,6.225   ,6.531   ,0.689   ,6.225   ,6.531   ,0.708   ,6.205   ,6.32   ,0.785   ,6.167   ,6.11   ,0.727   ,6.263   ,5.88   ,0.727   ,6.263   ,5.88   ,0.727   ,6.244   ,5.842   ,0.785   ,6.225   ,5.861   ,0.785   ,6.32   ,5.803   ,0.785   ,6.32   ,5.803   ,0.785   ,6.359   ,5.822   ,0.785   ,6.359   ,5.822   ,0.823   ,6.397   ,5.861   ,0.823   ,6.493   ,5.995   ,0.823   ,6.493   ,5.995   ,0.766   ,6.665   ,6.091   ,0.785   ,6.665   ,6.167   ,0.823   ,6.646   ,6.11   ,0.823   ,6.646   ,6.11   ,0.823   ,6.646   ,6.148   ,0.823   ,6.646   ,6.148   ,0.785   ,6.761   ,6.244   ,0.747   ,6.818   ,6.301   ,0.747   ,6.818   ,6.301   ,0.861   ,6.895   ,6.301   ,0.842   ,6.933   ,6.263   ,0.842   ,6.933   ,6.263   ,0.804   ,7.048   ,6.205   ,0.861   ,7.067   ,6.167   ,0.881   ,7.182   ,6.205   ,0.881   ,7.182   ,6.205   ,0.9   ,7.221   ,6.186   ,0.9   ,7.221   ,6.186   ,0.842   ,7.297   ,6.11   ,0.842   ,7.355   ,6.186   ,0.842   ,7.431   ,6.378   ,0.881   ,7.47   ,6.397   ,0.881   ,7.47   ,6.397   ,0.861   ,7.508   ,6.435   ,0.823   ,7.489   ,6.416   ,0.823   ,7.489   ,6.416   ,0.67   ,7.565   ,6.454   ,0.67   ,7.565   ,6.454   ,0.574   ,7.661   ,6.454   ,0.517   ,7.623   ,6.32   ,0.517   ,7.623   ,6.32   ,0.383   ,7.738   ,6.32   ,0.402   ,7.757   ,6.225   ,0.402   ,7.757   ,6.225   ,0.421   ,7.872   ,6.225   ,0.459   ,7.795   ,6.301   ,0.459   ,7.795   ,6.301   ,0.383   ,7.891   ,6.359   ,0.383   ,7.891   ,6.359   ,0.344   ,7.795   ,6.32   ,0.268   ,7.757   ,6.359   ,0.268   ,7.757   ,6.359   ,0.21   ,7.68   ,6.32   ,0.21   ,7.68   ,6.32   ,0.172   ,7.661   ,6.263   ,0.076   ,7.7   ,6.34   ,0.076   ,7.7   ,6.34   ,-0.076   ,7.814   ,6.378   ,-0.134   ,7.757   ,6.225   ,-0.21   ,7.738   ,6.186   ,-0.191   ,7.7   ,6.11   ,-0.191   ,7.7   ,6.11   ,-0.229   ,7.661   ,6.033   ,-0.229   ,7.661   ,6.033   ,-0.21   ,7.546   ,5.842   ,-0.229   ,7.508   ,5.822   ,-0.229   ,7.508   ,5.822   ,-0.268   ,7.47   ,5.746   ,-0.306   ,7.451   ,5.746   ,-0.306   ,7.451   ,5.746   ,-0.344   ,7.393   ,5.727   ,-0.344   ,7.393   ,5.727   ,-0.363   ,7.316   ,5.688   ,-0.402   ,7.144   ,5.593   ,-0.402   ,7.144   ,5.593   ,-0.383   ,7.048   ,5.612   ,-0.325   ,6.933   ,5.554   ,-0.325   ,6.933   ,5.554   ,-0.153   ,6.723   ,5.497   ,-0.153   ,6.723   ,5.497   ,0.21   ,6.378   ,5.688   ,0.383   ,6.493   ,5.516   ,0.459   ,6.301   ,5.229   ,0.555   ,6.148   ,5.554   ,0.67   ,6.091   ,6.129   ,0.67   ,6.091   ,6.129   ,0.325   ,6.11   ,7.048   ,-0.057   ,6.416   ,7.087   ,-0.191   ,6.493   ,7.087   ,-0.191   ,6.493   ,7.087   ,-0.191   ,6.091   ,6.704   ,-0.114   ,5.937   ,6.474   ,-0.114   ,5.937   ,6.474   ,0.019   ,5.995   ,6.301   ,0.057   ,5.937   ,5.956   ,0.057   ,5.937   ,5.956   ,0.095   ,5.822   ,5.535   ,0.095   ,5.765   ,5.707   ,-0.114   ,5.593   ,5.88   ,-0.114   ,5.593   ,5.88   ,-0.114   ,5.344   ,5.995   ,-0.881   ,6.225   ,7.738   ,-0.881   ,6.225   ,7.738   ,-0.881   ,6.225   ,7.738   ,-0.881   ,6.225   ,7.738   ,-0.881   ,6.225   ,7.738   ,-0.881   ,6.225   ,7.738   ,-0.881   ,6.225   ,7.738   ,-0.881   ,6.225   ,7.738   ,-0.881   ,6.225   ,7.738   ,-0.881   ,6.225   ,7.738   ,-0.881   ,6.225   ,7.738   ,-0.881   ,6.225   ,7.738   ,-0.881   ,6.225   ,7.738   ,-0.881   ,6.225   ,7.738   ,-0.881   ,6.225   ,7.738   ,-0.881   ,6.225   ,7.738   ,-0.881   ,6.225   ,7.738   ,-0.881   ,6.225   ,7.738   ,-0.881   ,6.225   ,7.738   ,-0.881   ,6.225   ,7.738   ,-0.881   ,6.225   ,7.738   ,-0.881   ,6.225   ,7.738   ,-0.881   ,6.225   ,7.738   ,-0.881   ,6.225   ,7.738   ,-0.881   ,6.225   ,7.738   ,-0.881   ,6.225   ,7.738   ,-0.881   ,6.225   ,7.738   ,-0.881   ,6.225   ,7.738   ,-0.881   ,6.225   ,7.738   ,-0.881   ,6.225   ,7.738   ,-0.881   ,6.225   ,7.738   ,-0.881   ,6.225   ,7.738   ,-0.881   ,6.225   ,7.738   ,-0.881   ,6.225   ,7.738   ,-0.881   ,6.225   ,7.738   ,-0.881   ,6.225   ,7.738   ,-0.881   ,6.225   ,7.738   ,-0.881   ,6.225   ,7.738   ,-0.881   ,6.225   ,7.738   ,-0.938   ,6.205   ,7.719   ,-0.996   ,6.033   ,7.834   ,-0.996   ,6.033   ,7.834   ,-0.957   ,5.995   ,8.044   ,-1.034   ,6.167   ,7.872   ,-1.091   ,6.225   ,7.872   ,-1.091   ,6.225   ,7.872   ,-1.11   ,6.205   ,7.834   ,-1.053   ,5.995   ,8.217   ,-1.053   ,5.995   ,8.217   ,-0.881   ,5.918   ,8.006   ,-0.881   ,5.918   ,8.006   ,-0.708   ,5.784   ,7.642   ,-0.708   ,5.784   ,7.642   ,-0.747   ,5.707   ,7.527   ,-0.747   ,5.707   ,7.527   ,-0.785   ,5.65   ,7.7   ,-0.689   ,5.593   ,8.044   ,-0.689   ,5.593   ,8.044   ,-0.689   ,5.631   ,8.312   ,-0.785   ,5.746   ,8.312   ,-0.785   ,5.765   ,8.006   ,-0.785   ,5.765   ,8.006   ,-0.919   ,5.573   ,7.7   ,-0.44   ,4.922   ,5.65   ,-0.44   ,4.922   ,5.65   ,-0.976   ,6.512   ,5.956   ,-0.976   ,6.512   ,5.956   ,-1.34   ,6.186   ,6.589   ,-0.536   ,5.554   ,8.255   ,-0.536   ,5.554   ,8.255   ,-0.708   ,6.014   ,8.217   ,-0.957   ,6.129   ,7.853   ,-0.9   ,6.205   ,7.604   ,-1.034   ,6.052   ,7.087   ,-1.685   ,5.229   ,6.244   ,-1.685   ,5.229   ,6.244   ,-0.249   ,5.956   ,7.144   ,-0.325   ,5.688   ,7.834   ,-0.325   ,5.688   ,7.834   ,-0.842   ,5.478   ,7.968   ,-0.727   ,5.631   ,8.274   ,-0.727   ,5.631   ,8.274   ,-0.536   ,5.669   ,8.523   ,-0.478   ,5.631   ,8.312   ,-0.402   ,5.497   ,7.929   ,-0.402   ,5.497   ,7.929   ,-0.402   ,5.458   ,7.872   ,-0.44   ,5.267   ,8.006   ,-0.478   ,5.363   ,8.102   ,-0.478   ,5.363   ,8.102   ,-0.478   ,5.478   ,7.929   ,-0.478   ,5.497   ,7.776   ,-0.478   ,5.497   ,7.776   ,-0.325   ,5.458   ,7.719   ,-0.229   ,5.478   ,7.757   ,-0.095   ,5.573   ,7.814   ,-0.095   ,5.573   ,7.814   ,-0.076   ,5.573   ,7.776   ,-0.076   ,5.573   ,7.776   ,-0.268   ,5.458   ,7.661   ,-0.268   ,5.458   ,7.661   ,-0.344   ,5.363   ,7.642   ,-0.306   ,5.267   ,7.814   ,-0.325   ,5.209   ,7.987   ,-0.325   ,5.209   ,7.987   ,-0.421   ,5.19   ,7.968   ,-0.421   ,5.19   ,7.968   ,-0.421   ,5.171   ,7.738   ,-0.421   ,5.171   ,7.738   ,-0.402   ,5.19   ,7.623   ,-0.421   ,5.19   ,7.757   ,-0.421   ,5.19   ,7.757   ,-0.363   ,5.19   ,7.757   ,-0.249   ,5.152   ,7.604   ,-0.191   ,5.229   ,7.527   ,-0.191   ,5.229   ,7.527   ,-0.153   ,5.248   ,7.585   ,-0.21   ,5.171   ,7.776   ,-0.191   ,5.133   ,7.757   ,-0.191   ,5.133   ,7.757   ,-0.076   ,5.209   ,7.7   ,-0.076   ,5.209   ,7.7   ,-0.057   ,5.209   ,7.68   ,-0.057   ,5.209   ,7.68   ,0.0   ,5.19   ,7.719   ,0.076   ,5.133   ,7.738   ,0.076   ,5.133   ,7.661   ,0.076   ,5.133   ,7.661   ,0.038   ,5.171   ,7.604   ,0.0   ,5.152   ,7.604   ,-0.134   ,5.209   ,7.7   ,-0.134   ,5.209   ,7.7   ,-0.172   ,5.248   ,7.719   ,-0.172   ,5.248   ,7.719   ,-0.287   ,5.267   ,7.814   ,-0.306   ,5.305   ,7.91   ,-0.402   ,5.382   ,7.929   ,-0.402   ,5.382   ,7.929   ,-0.383   ,5.382   ,7.834   ,-0.383   ,5.382   ,7.834   ,-0.402   ,5.363   ,7.814   ,-0.363   ,5.344   ,7.719   ,-0.383   ,5.305   ,7.7   ,-0.306   ,5.248   ,7.7   ,-0.306   ,5.248   ,7.7   ,-0.21   ,5.209   ,7.7   ,-0.21   ,5.209   ,7.7   ,-0.134   ,5.19   ,7.7   ,-0.134   ,5.19   ,7.7   ,-0.153   ,5.171   ,7.891   ,-0.153   ,5.171   ,7.891   ,-0.076   ,5.133   ,7.968   ,0.019   ,5.133   ,7.949   ,0.019   ,5.133   ,7.949   ,0.134   ,5.209   ,8.006   ,0.134   ,5.209   ,8.006   ,0.153   ,5.171   ,7.872   ,0.172   ,5.152   ,7.853   ,0.287   ,5.056   ,7.872   ,0.421   ,4.922   ,7.834   ,0.459   ,4.692   ,7.738   ,0.459   ,4.692   ,7.738   ,0.402   ,4.616   ,7.565   ,0.249   ,4.52   ,7.431   ,0.249   ,4.52   ,7.431   ,0.287   ,4.462   ,7.316   ,0.44   ,4.118   ,7.202   ,0.421   ,4.597   ,7.431   ,0.402   ,5.133   ,7.872   ,0.344   ,5.152   ,8.198   ,0.229   ,5.171   ,8.696   ,0.038   ,5.229   ,8.772   ,0.038   ,5.229   ,8.772   ,-0.172   ,5.248   ,8.791   ,-0.172   ,5.248   ,8.791   ,-0.287   ,5.267   ,8.83   ,-0.287   ,5.267   ,8.83   ,-0.306   ,5.19   ,8.561   ,-0.306   ,5.19   ,8.561   ,-0.344   ,5.152   ,8.37   ,-0.555   ,5.209   ,8.006   ,-0.632   ,5.305   ,7.719   ,-0.632   ,5.305   ,7.719   ,-0.651   ,5.305   ,7.834   ,-0.459   ,5.229   ,8.044   ,-0.019   ,4.482   ,8.447   ,-0.019   ,4.482   ,8.447   ,0.363   ,4.309   ,8.791   ,0.363   ,4.309   ,8.791   ,0.632   ,3.754   ,5.995   ,0.632   ,3.754   ,5.995   ,-0.881   ,6.454   ,5.075   ,-0.938   ,6.435   ,6.684   ,-0.268   ,5.018   ,8.485   ,-0.268   ,5.018   ,8.485   ,-0.019   ,5.324   ,10.324   ,-0.019   ,5.324   ,10.324   ,-0.517   ,5.976   ,10.285   ,-0.44   ,5.803   ,9.462   ,-0.363   ,5.439   ,8.715   ,-0.363   ,5.439   ,8.715   ,0.095   ,4.271   ,7.048   ,0.095   ,4.271   ,7.048   ,-0.325   ,4.194   ,6.186   ,-0.44   ,4.654   ,6.167   ,-0.44   ,4.654   ,6.167   ,-0.114   ,4.846   ,7.68   ,0.478   ,5.075   ,10.056   ,0.727   ,5.593   ,11.32   ,0.727   ,5.593   ,11.32   ,1.11   ,4.999   ,10.611   ,1.264   ,3.984   ,8.466   ,0.861   ,4.213   ,7.316   ,0.861   ,4.213   ,7.316   ,0.593   ,3.198   ,2.241   ,0.593   ,3.198   ,2.241   ,-0.766   ,5.976   ,2.777   ,-0.766   ,5.976   ,2.777   ,-1.225   ,5.305   ,6.78   ,-1.225   ,5.305   ,6.78   ,1.436   ,5.42   ,11.454   ,0.632   ,7.202   ,12.699   ,-0.287   ,6.531   ,10.63   ,-0.402   ,5.631   ,9.557   ,-0.402   ,5.631   ,9.557   ,-0.593   ,4.922   ,8.102   ,-0.593   ,4.922   ,8.102   ,-0.517   ,4.75   ,7.029   ,-0.344   ,4.118   ,5.478   ,-0.344   ,4.118   ,5.478   ,-0.153   ,4.75   ,5.669   ,0.249   ,4.903   ,7.565   ,0.287   ,4.807   ,8.983   ,0.842   ,4.903   ,10.209   ,0.842   ,4.903   ,10.209   ,1.091   ,4.788   ,10.132   ,1.513   ,4.328   ,9.5   ,1.513   ,4.328   ,9.5   ,1.628   ,4.386   ,9.251   ,1.628   ,4.386   ,9.251   ,1.13   ,4.616   ,8.044   ,0.9   ,4.29   ,7.431   ,0.9   ,4.29   ,7.431   ,0.612   ,4.539   ,7.144   ,0.421   ,4.616   ,6.723   ,0.421   ,4.616   ,6.723   ,0.268   ,4.673   ,6.397   ,0.402   ,4.846   ,6.78   ,0.67   ,5.439   ,8.025   ,0.67   ,5.439   ,8.025   ,0.804   ,5.286   ,8.964   ,0.804   ,5.286   ,8.964   ,0.402   ,5.209   ,9.5   ,0.153   ,5.171   ,9.366   ,0.153   ,5.171   ,9.366   ,0.191   ,4.98   ,9.059   ,0.268   ,4.922   ,8.791   ,0.268   ,4.922   ,8.791   ,0.057   ,4.635   ,8.217   ,0.095   ,4.577   ,7.834   ,0.095   ,4.577   ,7.834   ,0.153   ,4.424   ,7.7   ,0.229   ,4.405   ,7.7   ,0.229   ,4.405   ,7.7   ,0.268   ,4.443   ,7.738   ,0.249   ,4.482   ,7.738   ,0.383   ,4.654   ,7.68   ,0.402   ,4.731   ,7.7   ,0.402   ,4.731   ,7.7   ,0.363   ,4.865   ,7.929   ,0.363   ,4.865   ,7.929   ,0.421   ,4.865   ,8.159   ,0.134   ,4.711   ,8.715   ,-0.134   ,4.577   ,9.098   ,-0.134   ,4.577   ,9.098   ,-0.134   ,4.462   ,9.481   ,-0.134   ,4.462   ,9.481   ,0.0   ,4.424   ,9.385   ,0.0   ,4.424   ,9.385   ,0.076   ,4.309   ,8.983   ,0.076   ,4.309   ,8.983   ,0.153   ,4.213   ,8.753   ,0.0   ,4.616   ,8.523   ,-0.019   ,5.095   ,8.427   ,0.114   ,5.305   ,8.466   ,0.114   ,5.305   ,8.466   ,0.191   ,5.152   ,8.523   ,0.172   ,4.96   ,8.427   ,0.21   ,4.846   ,8.427   ,0.172   ,4.826   ,8.485   ,0.153   ,4.788   ,8.542   ,0.153   ,4.788   ,8.542   ,0.21   ,4.75   ,8.581   ,0.21   ,4.75   ,8.581   ,0.21   ,4.731   ,8.504   ,0.21   ,4.616   ,8.523   ,0.21   ,4.558   ,8.504   ,0.076   ,4.539   ,8.389   ,0.076   ,4.539   ,8.389   ,-0.057   ,4.482   ,8.293   ,-0.057   ,4.482   ,8.293   ,-0.095   ,4.443   ,8.198   ,-0.095   ,4.443   ,8.198   ,-0.191   ,4.462   ,8.178   ,-0.191   ,4.577   ,8.121   ,-0.134   ,4.597   ,8.102   ,-0.153   ,4.673   ,8.083   ,-0.153   ,4.673   ,8.083   ,-0.191   ,4.769   ,8.025   ,-0.191   ,4.769   ,8.025   ,-0.249   ,4.865   ,8.006   ,-0.249   ,4.865   ,8.006   ,-0.287   ,4.865   ,8.044   ,-0.363   ,4.922   ,8.121   ,-0.363   ,4.922   ,8.102   ,-0.363   ,4.922   ,8.102   ,-0.344   ,4.903   ,8.178   ,-0.344   ,4.903   ,8.178   ,-0.363   ,4.884   ,8.178   ,-0.363   ,4.884   ,8.178   ,-0.287   ,4.807   ,8.217   ,-0.287   ,4.807   ,8.217   ,-0.229   ,4.807   ,8.236   ,-0.229   ,4.807   ,8.236   ,-0.172   ,4.75   ,8.274   ,-0.172   ,4.75   ,8.274   ,-0.114   ,4.75   ,8.312   ,-0.076   ,4.807   ,8.198   ,-0.019   ,4.865   ,8.14   ,0.0   ,4.884   ,8.121   ,0.0   ,4.884   ,8.121   ,-0.057   ,4.865   ,8.102   ,-0.057   ,4.865   ,8.102   ,-0.076   ,4.903   ,8.121   ,-0.114   ,4.903   ,8.14   ,-0.114   ,4.903   ,8.14   ,-0.134   ,4.903   ,8.14   ,-0.134   ,4.903   ,8.14   ,-0.134   ,4.903   ,8.102   ,-0.134   ,4.903   ,8.083   ,-0.153   ,4.884   ,8.044   ,-0.153   ,4.884   ,8.044   ,-0.134   ,4.903   ,8.025   ,-0.134   ,4.903   ,8.025   ,-0.153   ,4.903   ,8.025   ,-0.172   ,4.903   ,8.044   ,-0.153   ,4.903   ,8.083   ,-0.153   ,4.903   ,8.083   ,-0.268   ,4.941   ,8.217   ,-0.268   ,4.941   ,8.217   ,-0.229   ,4.846   ,8.159   ,-0.287   ,4.846   ,8.178   ,-0.287   ,4.922   ,8.159   ,-0.287   ,4.922   ,8.159   ,-0.268   ,4.865   ,8.159   ,-0.268   ,4.807   ,8.14   ,-0.268   ,4.865   ,8.14   ,-0.268   ,4.865   ,8.14   ,-0.249   ,4.903   ,8.198   ,-0.249   ,4.846   ,8.255   ,-0.191   ,4.769   ,8.255   ,-0.191   ,4.769   ,8.255   ,-0.191   ,4.807   ,8.14   ,-0.229   ,4.807   ,8.121   ,-0.229   ,4.807   ,8.121   ,-0.21   ,4.826   ,8.159   ,-0.21   ,4.826   ,8.159   ,-0.21   ,4.826   ,8.217   ,-0.249   ,4.826   ,8.178   ,-0.229   ,4.807   ,8.102   ,-0.229   ,4.807   ,8.102   ,-0.172   ,4.788   ,8.025   ,-0.153   ,4.788   ,8.025   ,-0.191   ,4.807   ,8.025   ,-0.191   ,4.807   ,8.025   ,-0.363   ,4.807   ,8.102   ,-0.363   ,4.807   ,8.102   ,-0.287   ,4.769   ,8.083   ,-0.383   ,4.865   ,8.159   ,-0.383   ,4.865   ,8.159   ,-0.383   ,4.807   ,8.178   ,-0.383   ,4.769   ,8.159   ,-0.344   ,4.826   ,8.14   ,-0.344   ,4.826   ,8.14   ,-0.383   ,4.865   ,8.217   ,-0.383   ,4.884   ,8.274   ,-0.383   ,4.826   ,8.178   ,-0.383   ,4.826   ,8.178   ,-0.306   ,4.807   ,8.198   ,-0.306   ,4.807   ,8.198   ,-0.287   ,4.846   ,8.14   ,-0.21   ,4.865   ,8.178   ,-0.21   ,4.865   ,8.178   ,-0.325   ,4.807   ,8.159   ,-0.325   ,4.826   ,8.178   ,-0.383   ,4.903   ,8.274   ,-0.383   ,4.903   ,8.274   ,-0.325   ,4.826   ,8.217   ,-0.325   ,4.826   ,8.217   ,-0.325   ,4.826   ,8.255   ,-0.306   ,4.846   ,8.217   ,-0.306   ,4.846   ,8.217   ,-0.287   ,4.865   ,8.198   ,-0.268   ,4.922   ,8.236   ,-0.287   ,4.826   ,8.236   ,-0.287   ,4.826   ,8.236   ,-0.306   ,4.846   ,8.293   ,-0.306   ,4.846   ,8.293   ,-0.363   ,4.865   ,8.255   ,-0.402   ,4.846   ,8.255   ,-0.402   ,4.846   ,8.255   ,-0.363   ,4.807   ,8.312   ,-0.268   ,4.826   ,8.332   ,-0.249   ,4.826   ,8.255   ,-0.229   ,4.826   ,8.178   ,-0.229   ,4.826   ,8.178   ,-0.249   ,4.865   ,8.14   ,-0.249   ,4.865   ,8.14   ,-0.325   ,4.884   ,8.102   ,-0.325   ,4.884   ,8.102   ,-0.344   ,4.884   ,8.121   ,-0.344   ,4.884   ,8.178   ,-0.383   ,4.96   ,8.198   ,-0.383   ,4.96   ,8.198   ,-0.402   ,4.941   ,8.236   ,-0.344   ,4.922   ,8.198   ,-0.344   ,4.865   ,8.236   ,-0.306   ,4.884   ,8.198   ,-0.306   ,4.884   ,8.198   ,-0.287   ,4.884   ,8.198   ,-0.287   ,4.884   ,8.198   ,-0.306   ,4.865   ,8.159   ,-0.306   ,4.865   ,8.159   ,-0.344   ,4.865   ,8.198   ,-0.363   ,4.826   ,8.255   ,-0.325   ,4.903   ,8.217   ,-0.325   ,4.903   ,8.217   ,-0.402   ,4.865   ,8.178   ,-0.287   ,4.807   ,8.083   ,-0.383   ,4.846   ,8.274   ,-0.383   ,4.846   ,8.274   ,-0.383   ,4.846   ,8.274   ,-0.44   ,4.731   ,8.274   ,-0.325   ,4.731   ,8.121   ,-0.325   ,4.731   ,8.121   ,-0.383   ,4.75   ,8.217   ,-0.287   ,4.673   ,8.236   ,-0.21   ,4.577   ,8.198   ,-0.21   ,4.577   ,8.198   ,-0.057   ,4.386   ,8.006   ,-0.459   ,4.999   ,7.451   ,-0.612   ,4.98   ,8.006   ,-0.766   ,4.999   ,8.657   ,-0.421   ,4.788   ,8.523   ,-0.612   ,4.884   ,8.312   ,-0.612   ,4.884   ,8.312   ,-0.689   ,4.903   ,8.466   ,-0.708   ,4.903   ,8.293   ,-0.517   ,4.884   ,8.427   ,-0.517   ,4.884   ,8.427   ,-0.402   ,4.75   ,8.389   ,-0.402   ,4.75   ,8.389   ,0.038   ,4.213   ,8.198   ,-0.306   ,4.577   ,7.872   ,-0.306   ,4.577   ,7.872   ,-0.363   ,4.731   ,8.025   ,-0.287   ,4.635   ,8.485   ,-0.383   ,4.692   ,8.485   ,-0.498   ,4.999   ,8.427   ,-0.517   ,4.903   ,8.408   ,-0.325   ,4.424   ,8.332   ,-0.325   ,4.424   ,8.332   ,0.478   ,3.275   ,5.746   ,-0.498   ,5.114   ,6.933   ,-1.359   ,5.152   ,8.523   ,-1.359   ,5.152   ,8.523   ,-0.325   ,4.673   ,9.155   ,-0.708   ,5.286   ,9.079   ,-1.053   ,5.439   ,9.021   ,-1.053   ,5.439   ,9.021   ,-1.091   ,5.305   ,8.6   ,-1.091   ,4.941   ,8.217   ,-1.091   ,4.941   ,8.217   ,-0.957   ,4.711   ,7.929   ,-0.957   ,4.711   ,7.929   ,-0.498   ,3.945   ,7.585   ,-0.076   ,4.635   ,8.102   ,-0.076   ,4.788   ,8.638   ,-0.076   ,4.788   ,8.638   ,0.038   ,4.558   ,8.37   ,-0.114   ,4.654   ,8.657   ,-0.21   ,4.826   ,8.715   ,-0.21   ,4.826   ,8.715   ,-0.172   ,4.731   ,7.987   ,-0.229   ,4.558   ,7.987   ,-0.229   ,4.558   ,7.987   ,-0.076   ,4.328   ,8.236   ,0.019   ,4.443   ,8.312   ,0.095   ,4.558   ,8.255   ,0.134   ,4.482   ,8.274   ,0.095   ,4.405   ,8.14   ,0.095   ,4.405   ,8.14   ,-0.191   ,4.846   ,8.083   ,-0.191   ,4.846   ,8.083   ,-0.459   ,4.922   ,8.025   ,-0.536   ,4.807   ,8.14   ,-0.498   ,4.731   ,8.293   ,-0.498   ,4.731   ,8.293   ,-0.268   ,4.635   ,8.504   ,-0.268   ,4.635   ,8.504   ,-0.114   ,4.654   ,8.485   ,-0.114   ,4.654   ,8.485   ,-0.038   ,4.673   ,8.351   ,-0.038   ,4.673   ,8.351   ,0.0   ,4.673   ,8.332   ,0.134   ,4.501   ,8.14   ,0.076   ,4.233   ,8.447   ,0.076   ,4.233   ,8.447   ,-0.019   ,4.654   ,8.638   ,-0.172   ,4.731   ,8.657   ,-0.057   ,4.577   ,8.887   ,-0.057   ,4.577   ,8.887   ,0.172   ,4.673   ,9.059   ,0.689   ,4.75   ,9.653   ,0.689   ,4.75   ,9.653   ,0.651   ,4.692   ,9.998   ,0.651   ,4.692   ,9.998   ,0.785   ,4.29   ,10.036   ,0.766   ,3.984   ,9.596   ,0.766   ,3.984   ,9.596   ,0.785   ,3.907   ,8.964   ,0.708   ,4.079   ,8.293   ,0.708   ,4.252   ,7.527   ,0.861   ,4.271   ,7.431   ,0.823   ,4.156   ,8.312   ,0.823   ,4.156   ,8.312   ,1.053   ,4.156   ,8.447   ,1.053   ,4.156   ,8.447   ,1.436   ,3.754   ,8.753   ,1.704   ,3.543   ,8.83   ,1.704   ,3.543   ,8.83   ,1.628   ,3.486   ,8.638   ,1.359   ,3.428   ,8.542   ,1.072   ,3.371   ,7.968   ,1.072   ,3.371   ,7.968   ,0.842   ,3.371   ,7.47   ,-1.264   ,3.428   ,7.393   ,-1.264   ,3.428   ,7.393   ,-2.298   ,3.313   ,7.834   ,0.0   ,3.811   ,8.523   ,0.0   ,3.811   ,8.523   ,0.919   ,4.539   ,9.002   ,0.919   ,4.539   ,9.002   ,0.555   ,4.252   ,8.715   ,0.517   ,3.275   ,8.14   ,0.574   ,3.371   ,7.106   ,0.574   ,3.371   ,7.106   ,0.67   ,3.715   ,7.451   ,0.67   ,3.715   ,7.451   ,0.421   ,4.711   ,7.738   ,0.517   ,4.846   ,8.102   ,0.44   ,4.654   ,8.178   ,0.44   ,4.654   ,8.178   ,0.363   ,4.597   ,8.715   ,0.938   ,4.539   ,8.772   ,1.743   ,4.673   ,9.117   ,1.743   ,4.673   ,9.117   ,2.394   ,4.903   ,9.117   ,2.834   ,5.439   ,8.6   ,2.834   ,5.439   ,8.6   ,2.643   ,5.631   ,8.198   ,2.643   ,5.631   ,8.198   ,1.781   ,5.497   ,8.198   ,1.781   ,5.497   ,8.198   ,1.11   ,5.229   ,8.542   ,0.593   ,4.884   ,8.561   ,0.593   ,4.884   ,8.561   ,0.651   ,4.635   ,8.427   ,0.842   ,4.252   ,8.217   ,0.842   ,4.252   ,8.217   ,0.861   ,4.213   ,8.198   ,0.861   ,4.213   ,8.198   ,0.555   ,4.29   ,8.351   ,0.555   ,4.29   ,8.351   ,0.421   ,4.348   ,8.485   ,0.459   ,4.405   ,8.427   ,0.478   ,4.386   ,8.408   ,0.478   ,4.386   ,8.408   ,0.478   ,4.462   ,8.408   ,0.498   ,4.462   ,8.389   ,0.325   ,4.558   ,8.351   ,0.325   ,4.558   ,8.351   ,0.344   ,4.386   ,8.504   ,0.363   ,4.52   ,8.523   ,0.363   ,4.52   ,8.523   ,0.363   ,4.654   ,8.389   ,0.44   ,4.52   ,8.542   ,0.402   ,4.367   ,8.561   ,0.402   ,4.367   ,8.561   ,0.421   ,4.233   ,8.619   ,0.421   ,4.175   ,8.485   ,0.421   ,4.175   ,8.485   ,0.402   ,4.213   ,8.581   ,0.363   ,4.156   ,8.561   ,0.287   ,4.213   ,8.389   ,0.114   ,4.252   ,8.447   ,-0.172   ,4.405   ,8.332   ,-0.306   ,4.443   ,8.217   ,-0.306   ,4.443   ,8.217   ,-0.114   ,4.328   ,8.447   ,0.019   ,4.367   ,8.619   ,0.019   ,4.367   ,8.619   ,0.134   ,4.405   ,8.581   ,0.134   ,4.405   ,8.581   ,0.249   ,4.271   ,8.332   ,0.249   ,4.271   ,8.332   ,0.363   ,4.233   ,8.408   ,0.421   ,4.252   ,8.389   ,0.421   ,4.252   ,8.389   ,0.383   ,4.252   ,8.485   ,0.383   ,4.252   ,8.485   ,0.325   ,4.233   ,8.561   ,0.325   ,4.233   ,8.561   ,0.306   ,4.29   ,8.561   ,0.306   ,4.271   ,8.657   ,0.306   ,4.271   ,8.619   ,0.306   ,4.271   ,8.619   ,0.268   ,4.367   ,8.581   ,0.268   ,4.367   ,8.581   ,0.287   ,4.386   ,8.696   ,0.325   ,4.348   ,8.696   ,0.402   ,4.309   ,8.696   ,0.459   ,4.29   ,8.638   ,0.459   ,4.29   ,8.638   ,0.421   ,4.367   ,8.561   ,0.383   ,4.328   ,8.466   ,0.383   ,4.328   ,8.466   ,0.402   ,4.271   ,8.427   ,0.383   ,4.271   ,8.466   ,0.383   ,4.309   ,8.427   ,0.383   ,4.309   ,8.427   ,0.383   ,4.252   ,8.408   ,0.363   ,4.137   ,8.389   ,0.363   ,4.137   ,8.389   ,0.306   ,4.099   ,8.351   ,0.306   ,4.099   ,8.351   ,0.268   ,4.099   ,8.447   ,0.268   ,4.099   ,8.447   ,0.268   ,4.118   ,8.504   ,0.421   ,4.099   ,8.466   ,0.421   ,4.118   ,8.447   ,0.421   ,4.118   ,8.447   ,0.287   ,4.003   ,8.427   ,0.172   ,3.984   ,8.504   ,0.134   ,4.118   ,8.676   ,0.095   ,4.022   ,8.619   ,0.229   ,3.926   ,8.581   ,0.229   ,3.926   ,8.581   ,0.095   ,3.792   ,8.6   ,0.095   ,3.792   ,8.6   ,-0.038   ,3.524   ,8.734   ,-0.172   ,3.486   ,9.098   ,-0.172   ,3.486   ,9.098   ,-0.287   ,3.62   ,9.462   ,-0.287   ,3.62   ,9.462   ,0.306   ,3.562   ,8.887   ,0.306   ,3.562   ,8.887   ,0.459   ,3.696   ,9.136   ,0.459   ,3.696   ,9.136   ,0.421   ,3.888   ,9.404   ,0.421   ,3.888   ,9.404   ,0.134   ,4.233   ,9.289   ,0.0   ,4.328   ,9.059   ,0.172   ,4.443   ,8.81   ,-0.057   ,4.482   ,8.791   ,-0.651   ,4.041   ,8.447   ,-0.651   ,4.041   ,8.447   ,-0.651   ,3.926   ,8.408   ,-0.651   ,3.926   ,8.408   ,-0.517   ,4.079   ,8.6   ,-0.421   ,4.118   ,8.676   ,-0.383   ,4.099   ,8.715   ,-0.249   ,4.041   ,8.734   ,-0.249   ,4.041   ,8.734   ,-0.019   ,3.926   ,8.638   ,-0.019   ,3.926   ,8.638   ,0.095   ,3.85   ,8.791   ,0.095   ,3.85   ,8.791   ,0.076   ,3.907   ,8.868   ,0.153   ,3.85   ,8.772   ,0.153   ,3.85   ,8.772   ,0.172   ,3.773   ,8.887   ,0.134   ,3.754   ,8.83   ,0.249   ,3.677   ,8.868   ,0.249   ,3.677   ,8.868   ,0.229   ,3.696   ,8.83   ,0.21   ,3.773   ,8.83   ,0.21   ,3.773   ,8.83   ,0.172   ,3.773   ,8.83   ,0.172   ,3.773   ,8.83   ,0.095   ,3.869   ,8.753   ,0.095   ,3.869   ,8.753   ,0.076   ,3.907   ,8.772   ,-0.038   ,3.85   ,8.83   ,-0.038   ,3.869   ,8.81   ,-0.038   ,3.869   ,8.81   ,0.038   ,3.869   ,8.791   ,0.038   ,3.869   ,8.791   ,0.038   ,3.85   ,8.791   ,0.076   ,3.83   ,8.791   ,0.076   ,3.83   ,8.734   ,0.057   ,3.926   ,8.772   ,0.057   ,3.926   ,8.696   ,0.057   ,3.926   ,8.696   ,-0.038   ,3.964   ,8.676   ,-0.038   ,3.964   ,8.676   ,-0.076   ,3.964   ,8.715   ,-0.076   ,3.964   ,8.715   ,-0.019   ,3.945   ,8.734   ,0.0   ,3.945   ,8.715   ,0.038   ,3.926   ,8.676   ,0.057   ,3.888   ,8.676   ,0.057   ,3.888   ,8.676   ,0.076   ,3.85   ,8.715   ,0.076   ,3.85   ,8.715   ,0.095   ,3.85   ,8.638   ,0.057   ,3.869   ,8.772   ,0.057   ,3.869   ,8.772   ,0.038   ,3.869   ,8.753   ,0.057   ,3.888   ,8.657   ,-0.019   ,3.907   ,8.715   ,-0.019   ,3.907   ,8.715   ,-0.019   ,3.926   ,8.715   ,-0.019   ,3.926   ,8.715   ,0.019   ,3.945   ,8.676   ,0.019   ,3.945   ,8.676   ,0.019   ,3.869   ,8.638   ,0.038   ,3.907   ,8.638   ,0.038   ,3.907   ,8.638   ,0.076   ,3.907   ,8.676   ,0.076   ,3.907   ,8.676   ,0.095   ,3.869   ,8.676   ,0.095   ,3.869   ,8.676   ,0.095   ,3.83   ,8.523   ,0.095   ,3.83   ,8.523   ,0.076   ,3.811   ,8.447   ,0.0   ,3.888   ,8.542   ,0.038   ,3.869   ,8.638   ,0.038   ,3.869   ,8.638   ,0.0   ,4.022   ,8.753   ,0.0   ,4.022   ,8.753   ,0.0   ,4.022   ,8.868   ,0.038   ,3.811   ,8.696   ,0.038   ,3.811   ,8.696   ,0.019   ,3.773   ,8.868   ,-0.114   ,3.85   ,9.059   ,-0.114   ,3.85   ,9.059   ,-0.057   ,3.792   ,9.04   ,-0.057   ,3.792   ,9.04   ,-0.019   ,3.754   ,8.964   ,-0.019   ,3.773   ,8.925   ,-0.019   ,3.792   ,8.945   ,-0.019   ,3.888   ,8.964   ,-0.019   ,3.888   ,8.964   ,-0.095   ,3.888   ,8.753   ,-0.095   ,3.888   ,8.753   ,-0.268   ,3.869   ,8.83   ,-0.191   ,4.003   ,8.791   ,-0.153   ,3.945   ,8.772   ,-0.153   ,3.945   ,8.772   ,-0.172   ,3.811   ,8.753   ,-0.134   ,3.811   ,8.715   ,-0.249   ,3.85   ,8.753   ,-0.038   ,3.83   ,8.791   ,-0.038   ,3.83   ,8.791   ,-0.019   ,3.945   ,8.6   ,-0.019   ,3.945   ,8.6   ,-0.229   ,3.945   ,8.485   ,-0.229   ,3.945   ,8.485   ,-0.21   ,3.964   ,8.542   ,-0.153   ,3.926   ,8.696   ,-0.095   ,3.888   ,8.657   ,-0.076   ,3.792   ,8.753   ,-0.076   ,3.811   ,8.734   ,-0.134   ,3.773   ,8.638   ,-0.172   ,3.754   ,8.638   ,-0.172   ,3.754   ,8.638   ,-0.172   ,3.696   ,8.715   ,-0.134   ,3.677   ,8.657   ,-0.134   ,3.677   ,8.657   ,-0.076   ,3.735   ,8.657   ,-0.306   ,3.964   ,8.715   ,-0.306   ,3.964   ,8.715   ,-0.249   ,4.367   ,8.523   ,-0.249   ,4.367   ,8.523   ,-0.287   ,3.907   ,8.542   ,-0.153   ,3.62   ,9.098   ,-0.153   ,3.62   ,9.098   ,0.038   ,3.639   ,9.232   ,-0.268   ,4.386   ,8.734   ,-0.268   ,4.386   ,8.734   ,0.114   ,4.041   ,8.81   ,0.057   ,3.792   ,9.002   ,0.057   ,3.792   ,9.002   ,-0.095   ,3.735   ,9.002   ,-0.095   ,3.735   ,9.002   ,-0.134   ,3.715   ,9.021   ,-0.019   ,3.735   ,8.983   ,0.172   ,3.792   ,8.868   ,0.229   ,3.811   ,8.83   ,0.229   ,3.811   ,8.83   ,0.249   ,3.677   ,8.83   ,0.076   ,3.486   ,8.945   ,-0.191   ,3.237   ,9.232   ,-0.191   ,3.237   ,9.232   ,0.095   ,3.294   ,9.194   ,0.421   ,3.486   ,8.964   ,0.363   ,3.543   ,8.868   ,0.095   ,3.486   ,8.81   ,0.038   ,3.428   ,8.772   ,0.038   ,3.428   ,8.772   ,0.191   ,3.409   ,8.676   ,0.191   ,3.409   ,8.676   ,0.517   ,3.505   ,8.561   ,0.517   ,3.505   ,8.561   ,0.249   ,3.85   ,8.753   ,0.057   ,3.754   ,8.696   ,-0.057   ,3.677   ,8.772   ,-0.057   ,3.677   ,8.772   ,-0.287   ,3.811   ,8.887   ,-0.287   ,3.811   ,8.887   ,-0.459   ,4.003   ,8.83   ,-0.402   ,4.06   ,8.849   ,-0.325   ,4.137   ,8.772   ,-0.421   ,4.099   ,8.715   ,-0.421   ,4.099   ,8.715   ,-0.555   ,3.926   ,8.715   ,-0.555   ,3.926   ,8.715   ,-0.287   ,3.39   ,7.374   ,-0.287   ,3.39   ,7.374   ,-0.938   ,4.003   ,9.423   ,-0.593   ,3.83   ,9.117   ,-0.593   ,3.83   ,9.117   ,-0.421   ,4.118   ,9.155   ,-0.421   ,4.118   ,9.155   ,-0.593   ,4.386   ,8.791   ,-0.536   ,3.754   ,8.389   ,-0.536   ,3.754   ,8.389   ,-0.459   ,3.466   ,8.83   ,-0.172   ,3.792   ,9.136   ,-0.172   ,3.792   ,9.136   ,-0.191   ,3.677   ,9.117   ,-0.134   ,3.581   ,9.155   ,-0.134   ,3.581   ,9.155   ,-0.038   ,3.581   ,9.194   ,0.095   ,3.601   ,9.136   ,0.019   ,3.601   ,9.059   ,-0.057   ,3.677   ,9.002   ,-0.057   ,3.677   ,9.002   ,-0.019   ,3.639   ,9.021   ,0.21   ,3.677   ,8.849   ,0.114   ,3.486   ,8.772   ,0.114   ,3.486   ,8.772   ,0.574   ,3.677   ,8.676   ,0.593   ,3.715   ,8.676   ,0.593   ,3.715   ,8.676   ,0.651   ,3.562   ,8.772   ,0.517   ,3.543   ,8.734   ,0.517   ,3.543   ,8.734   ,0.421   ,3.543   ,8.715   ,0.421   ,3.543   ,8.715   ,0.44   ,3.581   ,8.6   ,0.268   ,3.62   ,8.696   ,0.268   ,3.62   ,8.696   ,0.191   ,3.601   ,8.734   ,0.191   ,3.601   ,8.734   ,0.172   ,3.601   ,8.676   ,0.172   ,3.601   ,8.676   ,0.153   ,3.754   ,8.696   ,0.153   ,3.754   ,8.696   ,0.019   ,3.85   ,8.81   ,0.019   ,3.888   ,8.849   ,0.019   ,3.888   ,8.849   ,0.134   ,3.869   ,8.887   ,0.134   ,3.85   ,8.772   ,0.134   ,3.85   ,8.772   ,0.191   ,3.811   ,8.734   ,0.095   ,3.792   ,8.696   ,0.019   ,3.773   ,8.734   ,0.019   ,3.773   ,8.734   ,-0.019   ,3.811   ,8.906   ,0.095   ,3.715   ,8.945   ,0.153   ,3.696   ,8.753   ,0.153   ,3.696   ,8.753   ,0.21   ,3.811   ,8.715   ,0.21   ,3.85   ,8.753   ,0.268   ,3.811   ,8.734   ,0.249   ,3.773   ,8.657   ,0.21   ,3.754   ,8.753   ,0.21   ,3.754   ,8.753   ,0.325   ,3.677   ,9.021   ,0.344   ,3.62   ,9.117   ,0.344   ,3.62   ,9.117   ,0.21   ,3.639   ,9.098   ,-0.076   ,3.658   ,9.021   ,-0.191   ,3.62   ,8.964   ,-0.191   ,3.62   ,8.964   ,-0.383   ,3.754   ,8.696   ,-0.402   ,3.945   ,8.14   ,-0.402   ,3.945   ,8.14   ,-0.038   ,3.332   ,8.791   ,0.038   ,3.102   ,9.059   ,0.038   ,3.562   ,8.638   ,0.038   ,3.562   ,8.638   ,-0.287   ,3.773   ,8.351   ,-0.095   ,4.079   ,8.312   ,-0.095   ,4.079   ,8.312   ,0.019   ,4.099   ,8.581   ,0.172   ,3.945   ,9.174   ,0.287   ,3.984   ,9.385   ,0.287   ,3.984   ,9.385   ,0.344   ,4.003   ,9.443   ,0.325   ,3.984   ,9.213   ,0.325   ,3.984   ,9.213   ,0.153   ,4.003   ,8.906   ,0.019   ,4.003   ,8.696   ,0.019   ,4.003   ,8.696   ,-0.114   ,4.099   ,8.102   ,-0.114   ,4.099   ,8.102   ,-0.038   ,4.367   ,7.757   ,0.191   ,4.635   ,7.489   ,0.268   ,4.654   ,7.451   ,0.268   ,4.654   ,7.451   ,0.229   ,4.673   ,7.336   ,0.114   ,4.539   ,7.757   ,0.114   ,4.539   ,7.757   ,0.44   ,3.83   ,9.787   ,0.363   ,3.696   ,9.194   ,0.363   ,3.696   ,9.194   ,0.363   ,3.696   ,9.194   ,0.076   ,3.888   ,8.561   ,0.076   ,3.888   ,8.561   ,0.21   ,3.792   ,9.021   ,0.268   ,3.658   ,9.059   ,0.268   ,3.658   ,9.059   ,0.057   ,3.677   ,8.37   ,0.057   ,3.677   ,8.37   ,0.0   ,3.677   ,8.236   ,0.095   ,3.62   ,8.255   ,0.134   ,3.505   ,8.274   ,0.134   ,3.505   ,8.274   ,0.114   ,3.352   ,8.408   ,0.038   ,3.294   ,8.504   ,0.038   ,3.294   ,8.504   ,-0.095   ,3.237   ,8.485   ,-0.191   ,3.294   ,8.638   ,-0.191   ,3.294   ,8.638   ,-0.229   ,3.16   ,8.906   ,-0.249   ,3.064   ,9.155   ,-0.249   ,3.064   ,9.155   ,-0.402   ,3.198   ,9.328   ,-0.593   ,3.85   ,9.098   ,-0.593   ,3.85   ,9.098   ,-0.44   ,4.692   ,8.925   ,-0.44   ,4.692   ,8.925   ,-0.363   ,4.903   ,8.983   ,-0.363   ,4.903   ,8.983   ,-0.249   ,4.577   ,9.002   ,-0.249   ,4.577   ,9.002   ,-0.191   ,4.29   ,8.964   ,-0.191   ,4.29   ,8.964   ,-0.134   ,3.984   ,8.849   ,-0.134   ,3.85   ,8.791   ,0.0   ,3.869   ,8.715   ,0.0   ,3.869   ,8.715   ,0.172   ,3.984   ,8.906   ,0.172   ,3.984   ,8.906   ,0.21   ,4.079   ,9.002   ,0.21   ,4.079   ,9.002   ,0.229   ,4.06   ,9.002   ,0.229   ,3.964   ,8.83   ,0.191   ,3.792   ,8.657   ,0.153   ,3.888   ,8.657   ,0.153   ,3.888   ,8.657   ,0.114   ,3.926   ,8.753   ,0.114   ,3.926   ,8.753   ,0.076   ,3.964   ,8.657   ,-0.019   ,3.792   ,8.657   ,-0.172   ,3.754   ,8.6   ,0.057   ,3.62   ,8.37   ,0.057   ,3.62   ,8.37   ,0.325   ,3.543   ,8.427   ,0.268   ,3.945   ,8.83   ,0.268   ,3.945   ,8.83   ,0.229   ,4.118   ,9.021   ,0.287   ,4.137   ,8.964   ,0.287   ,4.137   ,8.964   ,0.191   ,4.06   ,8.887   ,0.191   ,4.06   ,8.887   ,0.019   ,3.83   ,8.638   ,-0.134   ,3.62   ,8.542   ,-0.134   ,3.62   ,8.542   ,-0.383   ,3.524   ,8.274   ,-0.383   ,3.524   ,8.274   ,-0.421   ,3.505   ,8.198   ,-0.229   ,3.754   ,8.408   ,0.0   ,3.888   ,8.581   ,0.0   ,3.888   ,8.581   ,0.612   ,4.156   ,8.734   ,0.919   ,4.233   ,8.6   ,0.919   ,4.233   ,8.6   ,1.302   ,3.83   ,2.681   ,1.302   ,3.83   ,2.681   ,1.474   ,4.501   ,9.768   ,2.298   ,4.079   ,9.443   ,1.743   ,3.83   ,10.362   ,1.743   ,3.83   ,10.362   ,0.919   ,3.83   ,10.381   ,0.919   ,3.83   ,10.381   ,0.861   ,3.945   ,10.343   ,0.996   ,4.099   ,10.075   ,0.957   ,4.137   ,9.385   ,0.957   ,4.137   ,9.385   ,0.306   ,3.792   ,8.466   ,0.498   ,3.639   ,8.332   ,0.498   ,3.639   ,8.332   ,0.612   ,3.601   ,8.351   ,0.612   ,3.601   ,8.351   ,0.536   ,3.524   ,8.849   ,0.536   ,3.524   ,8.849   ,0.421   ,3.735   ,8.925   ,0.325   ,3.984   ,8.772   ,0.325   ,3.984   ,8.772   ,0.402   ,4.137   ,8.485   ,0.44   ,4.079   ,8.351   ,0.44   ,4.079   ,8.351   ,0.459   ,3.926   ,8.217   ,0.459   ,3.926   ,8.217   ,0.478   ,3.811   ,8.178   ,0.478   ,3.811   ,8.178   ,0.536   ,3.811   ,8.178   ,0.593   ,3.888   ,8.198   ,0.593   ,3.888   ,8.198   ,0.785   ,3.945   ,8.332   ,0.938   ,4.041   ,8.427   ,0.938   ,4.041   ,8.427   ,1.091   ,4.041   ,8.6   ,1.091   ,4.041   ,8.6   ,1.168   ,3.964   ,8.676   ,1.168   ,3.964   ,8.676   ,1.206   ,3.811   ,8.753   ,1.206   ,3.811   ,8.753   ,1.072   ,3.83   ,8.619   ,0.976   ,3.83   ,8.293   ,1.11   ,3.792   ,8.676   ,1.11   ,3.792   ,8.676   ,1.206   ,3.85   ,9.059   ,1.34   ,3.869   ,9.443   ,1.34   ,3.869   ,9.443   ,1.225   ,4.06   ,9.308   ,0.996   ,3.964   ,9.136   ,0.996   ,3.964   ,9.136   ,1.072   ,3.256   ,8.83   ,-0.421   ,3.352   ,8.217   ,-0.421   ,3.352   ,8.217   ,-0.344   ,3.696   ,8.791   ,-0.344   ,3.696   ,8.791   ,0.383   ,3.888   ,8.581   ,0.708   ,3.984   ,8.696   ,0.708   ,3.984   ,8.696   ,0.919   ,3.907   ,8.696   ,1.015   ,3.715   ,8.83   ,1.015   ,3.715   ,8.83   ,1.091   ,3.639   ,8.925   ,1.091   ,3.658   ,8.791   ,1.091   ,3.658   ,8.791   ,1.053   ,3.658   ,8.657   ,1.053   ,3.658   ,8.657   ,1.168   ,3.754   ,8.734   ,1.206   ,3.677   ,8.676   ,1.206   ,3.677   ,8.676   ,1.225   ,3.601   ,8.676   ,1.206   ,3.601   ,8.715   ,1.206   ,3.601   ,8.715   ,1.11   ,3.543   ,8.696   ,0.919   ,3.543   ,8.581   ,0.823   ,3.524   ,8.676   ,0.823   ,3.524   ,8.676   ,0.823   ,3.696   ,9.04   ,1.13   ,3.964   ,9.462   ,0.842   ,3.811   ,8.734   ,0.842   ,3.811   ,8.734   ,0.823   ,3.754   ,8.83   ,0.632   ,3.639   ,8.638   ,0.632   ,3.639   ,8.638   ,0.459   ,3.639   ,8.561   ,0.325   ,3.505   ,7.968   ,0.268   ,3.313   ,8.102   ,0.268   ,3.313   ,8.102   ,0.651   ,3.045   ,8.447   ,0.785   ,2.853   ,8.83   ,0.785   ,2.853   ,8.83   ,0.708   ,3.409   ,9.251   ,0.574   ,3.754   ,9.002   ,0.574   ,3.754   ,9.002   ,0.344   ,3.543   ,8.753   ,0.344   ,3.543   ,8.753   ,-0.057   ,3.122   ,8.887   ,0.229   ,3.639   ,9.194   ,0.229   ,3.639   ,9.194   ,0.881   ,3.811   ,8.906   ,0.996   ,3.888   ,9.079   ,0.861   ,3.869   ,9.002   ,0.861   ,3.869   ,9.002   ,0.766   ,3.773   ,8.715   ,0.747   ,3.696   ,8.638   ,0.747   ,3.696   ,8.638   ,0.689   ,3.524   ,8.504   ,0.555   ,3.466   ,8.6   ,0.555   ,3.466   ,8.6   ,0.402   ,3.428   ,8.715   ,0.325   ,3.466   ,8.945   ,0.44   ,3.39   ,9.308   ,0.44   ,3.39   ,9.308   ,0.421   ,3.581   ,9.289   ,0.21   ,3.869   ,8.849   ,0.21   ,3.869   ,8.849   ,0.019   ,3.811   ,8.542   ,0.114   ,3.352   ,8.619   ,0.038   ,3.352   ,8.849   ,0.038   ,3.352   ,8.849   ,-0.153   ,3.428   ,9.002   ,-0.134   ,3.524   ,8.983   ,-0.134   ,3.524   ,8.983   ,-0.153   ,3.505   ,8.925   ,-0.153   ,3.505   ,8.925   ,-0.191   ,3.409   ,8.906   ,-0.229   ,3.39   ,8.81   ,-0.44   ,3.313   ,8.849   ,-0.44   ,3.313   ,8.849   ,-0.21   ,3.505   ,9.117   ,-0.21   ,3.505   ,9.117   ,-0.057   ,3.735   ,9.366   ,-0.057   ,3.735   ,9.366   ,-0.095   ,3.85   ,9.136   ,-0.268   ,3.62   ,8.887   ,-0.268   ,3.62   ,8.887   ,-0.44   ,3.486   ,8.791   ,-0.478   ,3.313   ,8.81   ,-0.478   ,3.313   ,8.81   ,-0.363   ,3.352   ,8.887   ,-0.249   ,3.62   ,9.155   ,-0.249   ,3.62   ,9.155   ,-0.134   ,3.754   ,9.213   ,-0.153   ,3.85   ,9.155   ,-0.306   ,3.677   ,9.174   ,-0.306   ,3.677   ,9.174   ,-0.459   ,3.313   ,9.021   ,-0.498   ,3.275   ,9.04   ,-0.287   ,3.332   ,9.289   ,-0.287   ,3.332   ,9.289   ,-0.21   ,3.486   ,9.194   ,-0.249   ,3.735   ,9.117   ,-0.249   ,3.735   ,9.117   ,-0.383   ,3.773   ,9.002   ,-0.325   ,3.581   ,9.136   ,-0.325   ,3.581   ,9.136   ,-0.249   ,3.332   ,9.232   ,-0.249   ,3.332   ,9.232   ,-0.134   ,3.16   ,9.308   ,-0.134   ,3.16   ,9.308   ,-0.21   ,3.275   ,9.194   ,-0.555   ,3.428   ,8.887   ,-0.555   ,3.428   ,8.887   ,-0.632   ,3.447   ,8.772   ,-0.632   ,3.447   ,8.772   ,-0.612   ,3.409   ,8.676   ,-0.498   ,3.275   ,8.466   ,-0.498   ,3.198   ,8.274   ,-0.498   ,3.198   ,8.274   ,-0.517   ,3.198   ,8.217   ,-0.593   ,3.198   ,8.121   ,-0.478   ,3.16   ,8.14   ,-0.478   ,3.16   ,8.14   ,-0.67   ,3.064   ,8.121   ,-0.67   ,3.064   ,8.121   ,-0.727   ,3.122   ,8.293   ,-0.727   ,3.122   ,8.293   ,-0.402   ,3.294   ,8.983   ,-0.402   ,3.294   ,8.983   ,-0.459   ,3.505   ,9.117   ,-0.421   ,3.869   ,9.059   ,-0.363   ,3.811   ,8.983   ,-0.268   ,3.581   ,8.772   ,-0.268   ,3.581   ,8.772   ,-0.095   ,3.39   ,8.753   ,-0.095   ,3.39   ,8.753   ,0.057   ,3.256   ,8.791   ,0.057   ,3.275   ,8.753   ,-0.019   ,3.486   ,8.849   ,-0.038   ,3.562   ,8.734   ,-0.21   ,3.601   ,9.059   ,-0.21   ,3.601   ,9.059   ,-0.172   ,3.677   ,9.251   ,-0.172   ,3.677   ,9.251   ,-0.038   ,3.39   ,9.328   ,0.134   ,3.256   ,9.021   ,0.134   ,3.256   ,9.021   ,0.114   ,3.352   ,8.964   ,0.114   ,3.352   ,8.964   ,0.172   ,3.352   ,8.925   ,0.191   ,3.332   ,8.983   ,0.306   ,3.275   ,9.04   ,0.306   ,3.275   ,9.04   ,0.363   ,3.275   ,9.098   ,0.306   ,3.352   ,9.251   ,0.268   ,3.256   ,9.194   ,0.325   ,3.045   ,9.098   ,1.302   ,2.892   ,8.696   ,1.302   ,2.892   ,8.696   ,0.881   ,3.237   ,8.906   ,0.881   ,3.237   ,8.906   ,0.842   ,3.39   ,9.117   ,0.842   ,3.39   ,9.117   ,0.593   ,4.041   ,9.174   ,0.593   ,4.041   ,9.174   ,0.421   ,3.792   ,9.481   ,0.421   ,3.792   ,9.481   ,0.402   ,3.505   ,9.481   ,0.038   ,3.332   ,9.404   ,0.038   ,3.332   ,9.404   ,-0.191   ,2.968   ,9.232   ,-0.478   ,3.217   ,9.021   ,-0.478   ,3.217   ,9.021   ,-0.593   ,3.486   ,9.04   ,-0.593   ,3.486   ,9.04   ,-0.785   ,3.275   ,9.347   ,-1.321   ,2.394   ,9.481   ,-1.321   ,2.394   ,9.481   ,-0.747   ,2.662   ,9.596   ,-0.134   ,3.179   ,10.343   ,-0.134   ,3.179   ,10.343   ,0.306   ,3.371   ,11.262   ,0.344   ,3.447   ,11.818   ,0.114   ,3.562   ,11.569   ,0.114   ,3.562   ,11.569   ,0.095   ,3.217   ,11.301   ,0.019   ,2.662   ,10.764   ,-0.057   ,2.011   ,9.634   ,-0.057   ,2.011   ,9.634   ,-0.057   ,1.915   ,8.868   ,0.038   ,2.049   ,8.332   ,0.038   ,2.049   ,8.332   ,0.114   ,2.202   ,8.14   ,0.114   ,2.394   ,8.236   ,0.134   ,2.566   ,8.447   ,0.134   ,2.566   ,8.447   ,0.134   ,2.662   ,8.715   ,0.172   ,2.643   ,8.868   ,0.172   ,2.643   ,8.868   ,0.249   ,2.528   ,9.079   ,0.268   ,2.375   ,9.27   ,0.402   ,2.241   ,9.711   ,0.402   ,2.241   ,9.711   ,0.517   ,2.241   ,9.768   ,0.861   ,2.145   ,9.711   ,0.861   ,2.145   ,9.711   ,0.842   ,2.126   ,9.634   ,0.517   ,2.068   ,9.423   ,0.363   ,2.03   ,9.251   ,0.363   ,2.03   ,9.251   ,0.402   ,1.838   ,9.27   ,0.383   ,1.8   ,9.308   ,0.383   ,1.8   ,9.308   ,0.861   ,0.804   ,8.159   ,0.612   ,1.225   ,8.466   ,0.612   ,1.225   ,8.466   ,0.421   ,1.455   ,8.81   ,0.421   ,1.455   ,8.81   ,0.689   ,1.57   ,9.194   ,0.383   ,2.47   ,9.826   ,0.383   ,2.47   ,9.826   ,0.172   ,2.93   ,9.96   ,0.095   ,3.294   ,9.864   ,0.095   ,3.294   ,9.864   ,-0.038   ,2.298   ,9.596   ,-0.038   ,2.298   ,9.596   ,-0.153   ,1.302   ,8.791   ,-0.134   ,1.091   ,8.504   ,-0.134   ,1.091   ,8.504   ,0.019   ,0.996   ,8.408   ,0.249   ,1.053   ,8.696   ,0.727   ,1.551   ,9.27   ,0.727   ,1.551   ,9.27   ,0.938   ,1.819   ,9.883   ,0.938   ,1.819   ,9.883   ,0.976   ,1.992   ,10.458   ,0.976   ,1.992   ,10.458   ,0.957   ,1.972   ,10.554   ,1.015   ,1.992   ,10.439   ,1.015   ,1.992   ,10.439   ,0.996   ,2.087   ,10.19   ,0.996   ,2.087   ,10.19   ,1.091   ,2.03   ,9.692   ,1.072   ,2.03   ,9.404   ,1.072   ,2.03   ,9.404   ,1.206   ,1.819   ,9.174   ,1.302   ,1.762   ,9.079   ,1.34   ,1.819   ,8.753   ,1.34   ,1.819   ,8.753   ,1.245   ,1.915   ,8.542   ,1.091   ,1.992   ,8.676   ,1.091   ,1.992   ,8.676   ,0.9   ,2.011   ,8.887   ,1.015   ,1.934   ,9.328   ,0.957   ,2.164   ,9.615   ,1.149   ,2.432   ,9.96   ,1.149   ,2.432   ,9.96   ,1.149   ,2.566   ,9.864   ,1.149   ,2.566   ,9.864   ,1.398   ,2.298   ,9.5   ,1.302   ,2.317   ,9.27   ,1.302   ,2.317   ,9.27   ,1.206   ,2.279   ,8.964   ,1.072   ,2.317   ,8.81   ,1.072   ,2.317   ,8.81   ,0.823   ,2.413   ,8.906   ,0.823   ,2.413   ,8.906   ,0.766   ,2.432   ,8.906   ,0.804   ,2.355   ,8.868   ,0.804   ,2.355   ,8.868   ,0.747   ,2.355   ,8.945   ,0.747   ,2.413   ,9.079   ,0.747   ,2.413   ,9.079   ,0.785   ,2.432   ,9.136   ,0.785   ,2.432   ,9.136   ,0.747   ,2.375   ,9.328   ,0.689   ,2.375   ,9.27   ,0.689   ,2.375   ,9.27   ,0.766   ,2.413   ,9.194   ,0.823   ,2.394   ,9.136   ,0.823   ,2.394   ,9.136   ,0.861   ,2.394   ,9.098   ,0.861   ,2.394   ,9.098   ,0.747   ,2.375   ,8.772   ,0.574   ,2.375   ,8.696   ,0.574   ,2.375   ,8.696   ,0.785   ,2.528   ,8.964   ,0.9   ,2.7   ,9.385   ,0.9   ,2.7   ,9.385   ,1.015   ,2.643   ,9.653   ,1.015   ,2.643   ,9.653   ,1.053   ,2.528   ,9.864   ,1.015   ,2.528   ,9.941   ,1.053   ,2.509   ,9.979   ,1.053   ,2.509   ,9.979   ,1.091   ,2.585   ,9.902   ,0.957   ,2.681   ,9.807   ,0.957   ,2.681   ,9.807   ,0.823   ,2.585   ,9.634   ,0.804   ,2.413   ,9.423   ,0.689   ,2.164   ,9.251   ,0.689   ,2.164   ,9.251   ,0.612   ,2.566   ,9.366   ,0.708   ,2.585   ,9.251   ,0.785   ,2.547   ,9.481   ,0.842   ,2.509   ,9.538   ,0.842   ,2.509   ,9.538   ,0.881   ,2.528   ,9.519   ,0.881   ,2.528   ,9.519   ,0.747   ,2.585   ,9.5   ,0.708   ,2.815   ,9.577   ,0.708   ,2.815   ,9.577   ,0.708   ,2.815   ,9.653   ,0.555   ,2.815   ,9.807   ,0.574   ,2.834   ,9.787   ,0.574   ,2.834   ,9.787   ,0.842   ,2.873   ,9.385   ,0.842   ,2.873   ,9.385   ,0.766   ,3.045   ,9.462   ,0.823   ,2.949   ,9.213   ,0.881   ,2.777   ,9.347   ,0.881   ,2.777   ,9.347   ,0.861   ,2.739   ,9.443   ,0.861   ,2.739   ,9.443   ,0.785   ,2.815   ,9.328   ,0.785   ,2.815   ,9.328   ,0.632   ,2.949   ,9.289   ,0.574   ,2.988   ,9.366   ,0.574   ,2.988   ,9.366   ,0.651   ,2.93   ,9.443   ,0.651   ,2.93   ,9.443   ,0.67   ,2.892   ,9.366   ,0.67   ,2.892   ,9.366   ,0.593   ,2.815   ,9.347   ,0.517   ,2.758   ,9.481   ,0.517   ,2.758   ,9.481   ,0.44   ,2.585   ,9.749   ,0.44   ,2.585   ,9.749   ,0.344   ,2.566   ,9.845   ,0.402   ,2.566   ,9.826   ,0.421   ,2.585   ,9.692   ,0.421   ,2.585   ,9.692   ,0.344   ,2.643   ,9.538   ,0.344   ,2.643   ,9.538   ,0.363   ,2.624   ,9.366   ,0.363   ,2.624   ,9.366   ,0.306   ,2.585   ,9.155   ,0.306   ,2.585   ,9.155   ,0.287   ,2.509   ,8.945   ,0.134   ,2.47   ,8.638   ,0.172   ,2.432   ,8.466   ,0.172   ,2.432   ,8.466   ,0.076   ,2.336   ,8.198   ,0.076   ,2.336   ,8.198   ,0.019   ,2.317   ,8.083   ,0.019   ,2.317   ,8.083   ,-0.019   ,2.298   ,8.178   ,-0.114   ,2.355   ,8.14   ,-0.114   ,2.355   ,8.14   ,-0.191   ,2.585   ,8.255   ,-0.191   ,2.585   ,8.255   ,-0.268   ,2.758   ,8.542   ,-0.268   ,2.815   ,8.715   ,-0.249   ,2.7   ,8.887   ,-0.268   ,2.7   ,8.945   ,-0.268   ,2.7   ,8.945   ,-0.153   ,2.719   ,8.887   ,-0.21   ,2.681   ,8.791   ,-0.21   ,2.681   ,8.791   ,-0.114   ,2.758   ,8.676   ,-0.153   ,2.796   ,8.696   ,-0.095   ,2.873   ,8.81   ,0.0   ,2.93   ,9.002   ,0.0   ,2.93   ,9.002   ,-0.057   ,2.93   ,9.174   ,-0.057   ,2.93   ,9.174   ,-0.038   ,2.911   ,9.308   ,0.019   ,2.853   ,9.404   ,0.019   ,2.853   ,9.404   ,0.0   ,2.834   ,9.423   ,0.0   ,2.834   ,9.423   ,-0.114   ,2.777   ,9.538   ,-0.114   ,2.911   ,9.557   ,-0.229   ,2.93   ,9.481   ,-0.229   ,2.93   ,9.481   ,-0.249   ,2.853   ,9.615   ,-0.249   ,2.853   ,9.615   ,-0.287   ,2.758   ,9.787   ,-0.287   ,2.758   ,9.787   ,-0.287   ,2.796   ,9.826   ,-0.325   ,2.873   ,9.73   ,-0.325   ,2.949   ,9.634   ,-0.325   ,2.949   ,9.634   ,-0.344   ,2.968   ,9.308   ,-0.344   ,2.968   ,9.308   ,-0.325   ,2.93   ,9.136   ,-0.325   ,2.93   ,9.136   ,-0.249   ,2.873   ,8.945   ,-0.21   ,2.853   ,8.906   ,-0.21   ,2.853   ,8.906   ,-0.057   ,2.758   ,8.887   ,-0.019   ,2.758   ,8.868   ,-0.057   ,2.796   ,8.81   ,-0.057   ,2.796   ,8.81   ,-0.134   ,2.796   ,8.791   ,-0.134   ,2.796   ,8.791   ,-0.229   ,2.93   ,8.772   ,-0.229   ,2.93   ,8.772   ,-0.249   ,2.949   ,8.83   ,-0.268   ,3.026   ,8.906   ,-0.268   ,3.026   ,8.906   ,-0.287   ,3.007   ,9.021   ,-0.287   ,3.007   ,9.021   ,-0.325   ,2.873   ,9.079   ,-0.325   ,2.873   ,9.079   ,-0.421   ,2.892   ,9.194   ,-0.498   ,3.179   ,9.117   ,-0.498   ,3.294   ,9.04   ,-0.498   ,3.294   ,9.04   ,-0.402   ,3.198   ,9.194   ,-0.402   ,3.198   ,9.194   ,-0.402   ,3.237   ,9.27   ,-0.555   ,3.332   ,9.232   ,-0.651   ,3.352   ,9.155   ,-0.651   ,3.352   ,9.155   ,-0.727   ,3.217   ,9.098   ,-0.727   ,3.217   ,9.098   ,-0.785   ,3.16   ,8.925   ,-0.785   ,3.16   ,8.925   ,-0.804   ,3.083   ,8.945   ,-0.785   ,3.083   ,9.04   ,-0.612   ,3.083   ,9.155   ,-0.612   ,3.083   ,9.155   ,-0.478   ,3.179   ,9.155   ,-0.363   ,3.141   ,9.155   ,-0.363   ,3.122   ,9.174   ,-0.363   ,3.122   ,9.174   ,-0.363   ,3.083   ,9.155   ,-0.363   ,3.083   ,9.155   ,-0.268   ,3.122   ,9.194   ,-0.268   ,3.122   ,9.194   ,-0.249   ,3.141   ,9.117   ,-0.229   ,3.122   ,9.059   ,-0.229   ,3.045   ,8.945   ,-0.134   ,3.007   ,8.83   ,-0.593   ,2.93   ,8.906   ,-0.229   ,2.911   ,8.849   ,0.0   ,2.949   ,8.887   ,0.0   ,2.949   ,8.887   ,0.114   ,3.026   ,8.983   ,0.536   ,3.696   ,9.098   ,-0.076   ,4.137   ,9.117   ,-0.44   ,4.29   ,9.021   ,-0.44   ,4.29   ,9.021   ,-0.708   ,4.137   ,9.098   ,-0.708   ,4.137   ,9.098   ,-0.976   ,3.83   ,9.174   ,-1.436   ,3.658   ,8.887   ,-1.436   ,3.658   ,8.887   ,-1.091   ,2.834   ,9.232   ,-1.091   ,2.834   ,9.232   ,-0.134   ,2.892   ,9.174   ,-0.306   ,2.547   ,8.925   ,-0.306   ,2.547   ,8.925   ,-0.191   ,2.624   ,8.581   ,0.325   ,2.528   ,8.255   ,0.325   ,2.528   ,8.255   ,-0.191   ,2.777   ,8.14   ,-0.191   ,2.777   ,8.14   ,0.057   ,3.888   ,8.236   ,-0.172   ,3.792   ,8.466   ,-0.172   ,3.792   ,8.466   ,-0.498   ,3.696   ,8.83   ,-0.287   ,3.275   ,8.983   ,-0.287   ,3.275   ,8.983   ,-0.114   ,3.102   ,9.596   ,-0.019   ,3.122   ,9.979   ,0.114   ,3.256   ,9.998   ,0.114   ,3.256   ,9.998   ,0.0   ,3.428   ,9.979   ,-0.268   ,3.466   ,9.672   ,-0.268   ,3.466   ,9.672   ,-0.421   ,3.428   ,9.481   ,-0.421   ,3.428   ,9.481   ,-0.363   ,3.715   ,9.308   ,-0.498   ,3.696   ,9.136   ,-0.498   ,3.696   ,9.136   ,-0.249   ,3.466   ,9.059   ,-0.191   ,3.275   ,9.194   ,-0.191   ,3.275   ,9.194   ,-0.076   ,3.447   ,9.117   ,-0.076   ,3.447   ,9.117   ,-0.038   ,3.486   ,9.059   ,0.191   ,3.39   ,9.213   ,0.191   ,3.39   ,9.213   ,0.287   ,3.313   ,9.251   ,0.363   ,3.256   ,9.174   ,0.363   ,3.256   ,9.174   ,0.344   ,3.217   ,9.136   ,0.344   ,3.217   ,9.136   ,0.287   ,3.256   ,8.983   ,0.172   ,3.275   ,8.983   ,0.172   ,3.275   ,8.983   ,0.153   ,3.179   ,9.079   ,0.114   ,3.16   ,9.174   ,0.114   ,3.16   ,9.174   ,0.095   ,3.16   ,8.964   ,0.095   ,3.16   ,8.945   ,0.095   ,3.16   ,8.945   ,0.134   ,3.256   ,8.983   ,0.019   ,3.294   ,8.925   ,0.019   ,3.294   ,8.925   ,-0.153   ,3.332   ,8.887   ,-0.153   ,3.332   ,8.887   ,-0.268   ,3.371   ,8.887   ,-0.268   ,3.371   ,8.887   ,-0.325   ,3.39   ,8.983   ,-0.287   ,3.332   ,9.021   ,-0.287   ,3.332   ,9.021   ,-0.344   ,3.294   ,9.213   ,-0.306   ,3.237   ,9.251   ,-0.306   ,3.237   ,9.251   ,-0.325   ,3.275   ,9.328   ,-0.249   ,3.275   ,9.423   ,-0.038   ,3.294   ,9.672   ,-0.038   ,3.294   ,9.672   ,0.0   ,3.198   ,9.653   ,-0.076   ,3.16   ,9.404   ,-0.076   ,3.16   ,9.404   ,-0.114   ,3.198   ,9.213   ,-0.114   ,3.198   ,9.213   ,-0.191   ,3.179   ,9.04   ,-0.268   ,3.275   ,8.868   ,-0.421   ,3.256   ,8.791   ,-0.421   ,3.256   ,8.791   ,-0.478   ,3.16   ,8.638   ,-0.478   ,3.16   ,8.638   ,-0.593   ,3.16   ,8.427   ,-0.612   ,3.237   ,8.408   ,-0.287   ,3.179   ,8.619   ,-0.287   ,3.179   ,8.619   ,-0.076   ,3.045   ,8.925   ,-0.057   ,3.026   ,9.308   ,-0.057   ,3.026   ,9.308   ,0.134   ,2.93   ,9.5   ,0.134   ,2.93   ,9.5   ,0.555   ,2.949   ,9.385   ,0.555   ,2.949   ,9.385   ,0.727   ,2.968   ,9.213   ,0.708   ,2.911   ,9.136   ,0.67   ,2.853   ,9.021   ,0.67   ,2.853   ,9.021   ,0.249   ,2.892   ,8.753   ,0.249   ,2.892   ,8.753   ,0.038   ,2.892   ,8.504   ,2.432   ,4.309   ,7.968   ,2.432   ,4.309   ,7.968   ,1.034   ,5.612   ,8.312   ,-1.532   ,5.573   ,7.412   ,-1.532   ,5.573   ,7.412   ,-1.513   ,4.482   ,8.236   ,-0.344   ,3.869   ,9.557   ,-0.344   ,3.869   ,9.557   ,-0.172   ,3.658   ,10.132   ,-0.172   ,3.658   ,10.132   ,-0.612   ,4.175   ,10.036   ,-0.459   ,3.754   ,9.079   ,-0.459   ,3.754   ,9.079   ,-1.953   ,1.589   ,7.355   ,-0.938   ,2.681   ,6.665   ,-0.938   ,2.681   ,6.665   ,-0.268   ,4.616   ,7.182   ,-0.249   ,4.941   ,8.925   ,0.402   ,4.807   ,9.443   ,0.402   ,4.807   ,9.443   ,0.842   ,4.597   ,9.902   ,0.249   ,4.271   ,10.362   ,0.249   ,4.271   ,10.362   ,-0.019   ,3.964   ,10.19   ,0.191   ,3.447   ,9.96   ,0.153   ,3.256   ,9.845   ,0.153   ,3.256   ,9.845   ,0.057   ,3.371   ,9.557   ,-0.229   ,3.505   ,9.155   ,-0.229   ,3.505   ,9.155   ,-0.498   ,3.581   ,9.002   ,-0.498   ,3.581   ,9.002   ,-0.536   ,3.371   ,8.753   ,-0.574   ,3.064   ,8.734   ,-0.574   ,3.064   ,8.734   ,-0.517   ,2.739   ,8.657   ,-0.517   ,2.739   ,8.657   ,-0.325   ,2.7   ,8.178   ,-0.325   ,2.7   ,8.178   ,-0.402   ,2.777   ,8.255   ,-0.402   ,2.777   ,8.255   ,-0.306   ,2.834   ,8.236   ,-0.21   ,2.93   ,8.408   ,-0.21   ,2.93   ,8.408   ,-0.191   ,3.007   ,8.485   ,-0.363   ,3.083   ,8.6   ,-0.363   ,3.083   ,8.6   ,-0.478   ,3.083   ,8.772   ,-0.402   ,3.198   ,9.232   ,-0.402   ,3.198   ,9.232   ,-0.306   ,3.294   ,9.481   ,-0.363   ,3.332   ,9.749   ,-0.498   ,3.428   ,9.902   ,-0.498   ,3.428   ,9.902   ,-0.383   ,3.217   ,9.883   ,-0.383   ,3.217   ,9.883   ,-0.287   ,3.064   ,10.036   ,-0.229   ,2.815   ,9.864   ,-0.249   ,2.796   ,9.634   ,-0.421   ,2.739   ,9.308   ,-0.421   ,2.739   ,9.308   ,-0.593   ,2.624   ,9.634   ,-0.593   ,2.624   ,9.634   ,-0.996   ,2.336   ,9.366   ,-0.996   ,2.336   ,9.366   ,-1.283   ,2.298   ,9.385   ,-1.838   ,2.585   ,8.887   ,-1.838   ,2.585   ,8.887   ,-2.126   ,2.892   ,8.791   ,-2.202   ,3.352   ,8.906   ,-2.202   ,3.352   ,8.906   ,-2.106   ,3.466   ,9.059   ,-1.838   ,3.371   ,9.04   ,-1.743   ,3.198   ,9.002   ,-1.589   ,2.834   ,8.772   ,-1.589   ,2.834   ,8.772   ,-1.551   ,2.662   ,8.523   ,-1.551   ,2.662   ,8.523   ,-1.398   ,2.432   ,8.121   ,-1.283   ,2.298   ,7.834   ,-1.283   ,2.298   ,7.834   ,-0.919   ,2.106   ,7.451   ,-0.67   ,2.011   ,7.048   ,-0.67   ,2.011   ,7.048   ,-0.268   ,2.011   ,6.474   ,-0.268   ,2.011   ,6.474   ,0.038   ,2.087   ,5.956   ,0.536   ,2.183   ,5.133   ,1.091   ,2.183   ,4.577   ,1.091   ,2.183   ,4.577   ,9.232   ,1.436   ,16.108   ,9.232   ,1.436   ,16.108   ,6.416   ,2.221   ,13.676   ,6.416   ,2.221   ,13.676   ,5.937   ,2.834   ,11.339   ,4.501   ,2.394   ,9.04   ,4.501   ,2.394   ,9.04   ,2.624   ,2.681   ,5.803   ,1.436   ,3.102   ,4.788   ,1.436   ,3.102   ,4.788   ,0.153   ,2.604   ,3.543   ,0.153   ,2.604   ,3.543   ,1.379   ,4.137   ,14.327   ,-6.225   ,10.324   ,30.436   ,-1.302   ,6.627   ,9.385   ,-0.785   ,4.865   ,11.894   ,-0.785   ,4.865   ,11.894   ,2.834   ,2.892   ,8.083   ,3.275   ,3.926   ,8.676   ,3.275   ,3.926   ,8.676   ,4.022   ,4.731   ,8.351   ,4.213   ,3.792   ,9.27   ,3.524   ,3.294   ,9.328   ,3.524   ,3.294   ,9.328   ,3.16   ,2.968   ,9.385   ,2.796   ,3.294   ,8.715   ,2.796   ,3.294   ,8.715   ,2.7   ,3.677   ,8.849   ,3.083   ,4.079   ,8.312   ,2.815   ,4.424   ,7.834   ,2.815   ,4.424   ,7.834   ,2.279   ,4.52   ,7.7   ,2.279   ,4.52   ,7.7   ,1.302   ,4.386   ,8.332   ,1.34   ,4.405   ,9.289   ,1.34   ,4.405   ,9.289   ,1.723   ,3.907   ,10.994   ,1.149   ,3.601   ,16.261   ,1.034   ,6.359   ,6.014   ,1.034   ,6.359   ,6.014   ,-2.087   ,3.62   ,3.888   ,-3.984   ,0.038   ,4.175   ,-2.317   ,0.076   ,4.52   ,-1.13   ,1.11   ,5.573   ,-1.13   ,1.11   ,5.573   ,-0.517   ,2.298   ,7.814   ,1.034   ,3.371   ,13.618   ,1.034   ,3.371   ,13.618   ,2.317   ,3.313   ,13.733   ,1.743   ,3.122   ,9.902   ,1.589   ,3.102   ,8.466   ,1.589   ,3.102   ,8.466   ,0.919   ,3.256   ,8.351   ,0.555   ,3.237   ,8.81   ,0.555   ,3.237   ,8.81   ,0.172   ,3.083   ,8.887   ,0.172   ,3.083   ,8.887   ,0.057   ,2.873   ,8.715   ,0.249   ,2.719   ,8.619   ,0.249   ,2.719   ,8.619   ,0.306   ,2.758   ,8.6   ,0.249   ,2.777   ,8.734   ,0.249   ,2.777   ,8.734   ,0.229   ,2.796   ,8.868   ,0.114   ,2.758   ,8.83   ,-0.038   ,2.777   ,8.791   ,-0.038   ,2.777   ,8.791   ,-0.114   ,2.815   ,8.696   ,-0.21   ,2.796   ,8.676   ,-0.21   ,2.796   ,8.676   ,-0.249   ,2.777   ,8.753   ,-0.249   ,2.777   ,8.753   ,-0.344   ,2.815   ,8.696   ,-0.383   ,2.834   ,8.791   ,-0.383   ,2.834   ,8.791   ,-0.44   ,2.853   ,8.81   ,-0.44   ,2.853   ,8.81   ,-0.574   ,2.739   ,8.849   ,-0.574   ,2.739   ,8.849   ,-0.593   ,2.643   ,8.906   ,-0.478   ,2.604   ,8.983   ,-0.383   ,2.604   ,9.002   ,-0.383   ,2.604   ,9.002   ,-0.249   ,2.681   ,8.887   ,-0.134   ,2.719   ,8.906   ,-0.134   ,2.719   ,8.906   ,0.038   ,2.853   ,8.849   ,0.038   ,2.853   ,8.849   ,0.095   ,2.873   ,8.83   ,0.019   ,2.911   ,8.81   ,0.019   ,2.911   ,8.81   ,1.245   ,4.501   ,8.849   ,-0.632   ,2.873   ,7.949   ,-0.632   ,2.873   ,7.949   ,0.095   ,3.696   ,8.121   ,0.095   ,3.696   ,8.121   ,-1.053   ,2.93   ,8.293   ,-1.589   ,2.336   ,8.561   ,-1.589   ,2.336   ,8.561   ,-0.919   ,2.662   ,9.232   ,-0.325   ,3.371   ,9.749   ,-0.325   ,3.371   ,9.749   ,-0.517   ,3.294   ,9.385   ,-0.861   ,3.083   ,9.232   ,-0.823   ,3.198   ,9.27   ,-0.823   ,3.198   ,9.27   ,-0.632   ,3.313   ,9.347   ,-0.517   ,3.332   ,9.27   ,-0.517   ,3.332   ,9.27   ,-0.593   ,3.294   ,9.174   ,-0.708   ,3.198   ,9.079   ,-0.708   ,3.198   ,9.079   ,-0.747   ,3.198   ,9.174   ,-0.766   ,3.198   ,9.079   ,-0.689   ,3.179   ,9.04   ,-0.517   ,3.198   ,9.04   ,-0.498   ,3.217   ,8.945   ,-0.498   ,3.217   ,8.945   ,-0.44   ,3.217   ,8.945   ,-0.44   ,3.217   ,8.945   ,-0.402   ,3.217   ,8.964   ,-0.306   ,3.16   ,9.002   ,-0.287   ,3.198   ,9.002   ,-0.287   ,3.198   ,9.002   ,-0.383   ,3.122   ,9.021   ,-0.344   ,3.083   ,9.098   ,-0.344   ,2.968   ,9.174   ,-0.383   ,2.93   ,9.155   ,-0.344   ,2.911   ,9.194   ,-0.306   ,2.892   ,9.213   ,-0.306   ,2.892   ,9.213   ,-0.306   ,2.853   ,9.27   ,-0.306   ,2.853   ,9.27   ,-0.325   ,2.815   ,9.308   ,-0.325   ,2.815   ,9.308   ,-0.363   ,2.796   ,9.289   ,-0.287   ,2.777   ,9.328   ,-0.229   ,2.719   ,9.404   ,-0.229   ,2.719   ,9.404   ,-0.229   ,2.7   ,9.423   ,-0.229   ,2.7   ,9.423   ,-0.287   ,2.643   ,9.519   ,-0.287   ,2.643   ,9.519   ,-0.249   ,2.624   ,9.557   ,-0.249   ,2.624   ,9.557   ,-0.229   ,2.624   ,9.596   ,-0.21   ,2.604   ,9.557   ,-0.153   ,2.585   ,9.557   ,-0.172   ,2.604   ,9.481   ,-0.172   ,2.604   ,9.481   ,0.9   ,3.964   ,8.657   ,0.9   ,3.964   ,8.657   ,-0.095   ,2.911   ,9.251   ,-0.038   ,3.256   ,8.466   ,-0.421   ,3.16   ,8.6   ,-0.421   ,3.16   ,8.6   ,-0.766   ,2.777   ,8.6   ,-0.919   ,2.681   ,8.849   ,-0.919   ,2.681   ,8.849   ,-1.206   ,2.126   ,9.136   ,-1.206   ,2.126   ,9.136   ,-0.478   ,2.662   ,9.653   ,-0.478   ,2.662   ,9.653   ,-0.019   ,3.179   ,9.596   ,-0.076   ,2.968   ,9.308   ,-0.383   ,2.834   ,9.117   ,-0.344   ,2.988   ,9.059   ,-0.191   ,3.102   ,9.098   ,-0.229   ,3.045   ,9.04   ,-0.229   ,3.045   ,9.04   ,-0.383   ,2.949   ,9.021   ,-0.459   ,2.892   ,9.117   ,-0.459   ,2.892   ,9.117   ,-0.459   ,2.758   ,9.213   ,-0.402   ,2.758   ,9.328   ,-0.402   ,2.758   ,9.328   ,-0.383   ,2.719   ,9.308   ,-0.363   ,2.7   ,9.289   ,-0.344   ,2.758   ,9.251   ,-0.344   ,2.758   ,9.251   ,-0.306   ,2.796   ,9.232   ,-0.306   ,2.796   ,9.232   ,-0.268   ,2.815   ,9.174   ,-0.268   ,2.815   ,9.174   ,-0.325   ,2.853   ,9.098   ,-0.306   ,2.873   ,9.079   ,-0.306   ,2.911   ,9.021   ,-0.306   ,2.911   ,9.021   ,-0.363   ,2.93   ,9.04   ,-0.363   ,2.93   ,9.059   ,-0.363   ,2.93   ,9.059   ,-0.421   ,2.988   ,9.059   ,-0.498   ,3.026   ,9.098   ,-0.44   ,2.988   ,9.155   ,-0.44   ,2.988   ,9.155   ,-0.44   ,2.911   ,9.174   ,-0.44   ,2.853   ,9.194   ,-0.44   ,2.853   ,9.194   ,-0.44   ,2.815   ,9.213   ,-0.44   ,2.815   ,9.213   ,-0.402   ,2.758   ,9.251   ,-0.344   ,2.777   ,9.328   ,-0.344   ,2.777   ,9.328   ,-0.383   ,2.758   ,9.404   ,-0.306   ,2.7   ,9.481   ,-0.306   ,2.7   ,9.481   ,-0.325   ,2.662   ,9.577   ,-0.363   ,2.662   ,9.596   ,-0.306   ,2.662   ,9.557   ,-0.306   ,2.662   ,9.557   ,-0.363   ,2.643   ,9.538   ,-0.325   ,2.681   ,9.557   ,-0.325   ,2.681   ,9.557   ,-0.344   ,2.719   ,9.443   ,-0.306   ,2.7   ,9.404   ,-0.325   ,2.758   ,9.308   ,-0.325   ,2.758   ,9.308   ,-0.344   ,2.777   ,9.232   ,-0.325   ,2.758   ,9.213   ,-0.325   ,2.758   ,9.213   ,-0.306   ,2.777   ,9.136   ,-0.344   ,2.815   ,9.098   ,-0.306   ,2.834   ,9.098   ,-0.306   ,2.834   ,9.098   ,-0.402   ,2.739   ,9.136   ,-0.459   ,2.528   ,8.964   ,-0.459   ,2.528   ,8.964   ,-0.191   ,2.604   ,8.657   ,-0.287   ,2.758   ,8.887   ,-0.555   ,2.777   ,9.136   ,-0.555   ,2.777   ,9.136   ,-0.727   ,2.853   ,9.194   ,-0.823   ,2.873   ,9.347   ,-0.823   ,2.873   ,9.347   ,-1.264   ,2.968   ,9.27   ,-0.861   ,2.604   ,9.596   ,-0.459   ,2.853   ,9.634   ,-0.459   ,2.853   ,9.634   ,0.0   ,3.217   ,9.385   ,-0.153   ,3.39   ,8.657   ,-0.153   ,3.39   ,8.657   ,-1.091   ,2.796   ,8.121   ,-1.091   ,2.796   ,8.121   ,-1.877   ,2.241   ,8.083   ,-0.574   ,2.758   ,9.749   ,-0.574   ,2.758   ,9.749   ,-0.632   ,3.16   ,9.232   ,-1.149   ,2.624   ,9.27   ,-1.149   ,2.624   ,9.27   ,-1.417   ,1.953   ,9.519   ,-1.417   ,1.953   ,9.519   ,-0.478   ,2.528   ,9.921   ,-0.057   ,2.911   ,9.845   ,-0.191   ,2.509   ,9.519   ,-0.402   ,2.49   ,9.404   ,-0.402   ,2.49   ,9.404   ,-0.325   ,2.604   ,9.251   ,-0.325   ,2.604   ,9.251   ,-0.344   ,2.604   ,9.194   ,-0.498   ,2.547   ,9.174   ,-0.574   ,2.547   ,9.174   ,-0.612   ,2.624   ,9.174   ,-0.612   ,2.624   ,9.174   ,-0.593   ,2.624   ,9.213   ,-0.498   ,2.624   ,9.174   ,-0.498   ,2.624   ,9.174   ,-0.498   ,2.662   ,9.155   ,-0.383   ,2.662   ,9.136   ,-0.421   ,2.7   ,9.079   ,-0.421   ,2.7   ,9.079   ,-0.459   ,2.739   ,9.04   ,-0.459   ,2.739   ,9.04   ,-0.44   ,2.739   ,9.021   ,-0.498   ,2.796   ,9.021   ,-0.555   ,2.815   ,9.059   ,-0.555   ,2.815   ,9.098   ,-0.555   ,2.815   ,9.098   ,-0.612   ,2.834   ,9.117   ,-0.612   ,2.853   ,9.174   ,-0.612   ,2.853   ,9.174   ,-0.651   ,2.834   ,9.194   ,-0.727   ,2.815   ,9.27   ,-0.727   ,2.815   ,9.27   ,-0.785   ,2.758   ,9.308   ,-0.785   ,2.758   ,9.308   ,-0.861   ,2.739   ,9.347   ,-0.861   ,2.739   ,9.347   ,-0.881   ,2.7   ,9.328   ,-0.881   ,2.7   ,9.328   ,-0.919   ,2.681   ,9.423   ,-0.919   ,2.681   ,9.423   ,-0.957   ,2.662   ,9.423   ,-0.957   ,2.662   ,9.423   ,-0.9   ,2.643   ,9.443   ,-0.919   ,2.624   ,9.462   ,-0.919   ,2.624   ,9.462   ,-0.919   ,2.624   ,9.443   ,-0.861   ,2.643   ,9.423   ,-0.804   ,2.604   ,9.443   ,-0.804   ,2.604   ,9.443   ,-0.785   ,2.566   ,9.443   ,-0.747   ,2.585   ,9.423   ,-0.747   ,2.585   ,9.423   ,-0.689   ,2.547   ,9.366   ,-0.67   ,2.528   ,9.328   ,-0.67   ,2.528   ,9.328   ,-0.612   ,2.547   ,9.308   ,-0.612   ,2.528   ,9.27   ,-0.612   ,2.547   ,9.232   ,-0.612   ,2.547   ,9.232   ,-0.612   ,2.566   ,9.251   ,-0.612   ,2.604   ,9.251   ,-0.612   ,2.604   ,9.251   ,-0.651   ,2.585   ,9.289   ,-0.67   ,2.585   ,9.27   ,-0.67   ,2.585   ,9.27   ,-0.651   ,2.585   ,9.308   ,-0.651   ,2.585   ,9.308   ,-0.689   ,2.547   ,9.328   ,-0.651   ,2.547   ,9.366   ,-0.651   ,2.547   ,9.366   ,-0.612   ,2.528   ,9.308   ,-0.632   ,2.547   ,9.328   ,-0.632   ,2.547   ,9.328   ,-0.344   ,2.739   ,9.136   ,-0.478   ,2.873   ,9.443   ,-0.708   ,2.777   ,8.657   ,-1.225   ,2.7   ,9.04   ,-1.264   ,2.585   ,9.213   ,-1.264   ,2.585   ,9.213   ,-1.13   ,2.643   ,9.27   ,-1.13   ,2.643   ,9.27   ,-1.091   ,2.834   ,9.366   ,-1.091   ,2.834   ,9.366   ,-1.091   ,2.662   ,9.251   ,-1.091   ,2.566   ,9.385   ,-0.881   ,2.624   ,9.404   ,-0.881   ,2.624   ,9.404   ,-0.938   ,2.03   ,9.404   ,-0.938   ,2.03   ,9.404   ,-0.517   ,2.432   ,9.443   ,-0.517   ,2.432   ,9.443   ,-0.536   ,2.662   ,9.404   ,-0.708   ,2.509   ,9.079   ,-0.708   ,2.509   ,9.079   ,-0.689   ,2.624   ,9.404   ,-0.689   ,2.624   ,9.404   ,-0.708   ,2.585   ,9.251   ,-0.727   ,2.47   ,9.308   ,-0.747   ,2.432   ,9.232   ,-0.689   ,2.509   ,9.27   ,-0.689   ,2.509   ,9.27   ,-0.689   ,2.528   ,9.194   ,-0.67   ,2.585   ,9.194   ,-0.727   ,2.585   ,9.174   ,-0.727   ,2.585   ,9.174   ,-0.67   ,2.681   ,9.098   ,-0.67   ,2.681   ,9.079   ,-0.67   ,2.681   ,9.079   ,-0.67   ,2.739   ,9.04   ,-0.651   ,2.758   ,9.002   ,-0.651   ,2.758   ,9.002   ,-0.632   ,2.796   ,9.098   ,-0.632   ,2.796   ,9.059   ,-0.708   ,2.815   ,9.136   ,-0.689   ,2.815   ,9.174   ,-0.785   ,2.796   ,9.232   ,-0.785   ,2.796   ,9.232   ,-0.842   ,2.739   ,9.27   ,-0.842   ,2.739   ,9.27   ,-0.842   ,2.719   ,9.366   ,-0.842   ,2.681   ,9.423   ,-0.842   ,2.681   ,9.423   ,-0.823   ,2.604   ,9.443   ,-0.842   ,2.624   ,9.462   ,-0.842   ,2.624   ,9.462   ,-0.823   ,2.624   ,9.423   ,-0.823   ,2.624   ,9.423   ,-0.804   ,2.585   ,9.462   ,-0.766   ,2.547   ,9.481   ,-0.766   ,2.547   ,9.481   ,-0.785   ,2.528   ,9.462   ,-0.747   ,2.566   ,9.5   ,-0.747   ,2.566   ,9.5   ,-0.747   ,2.49   ,9.5   ,-0.727   ,2.49   ,9.5   ,-0.747   ,2.49   ,9.5   ,-0.747   ,2.49   ,9.5   ,-0.727   ,2.49   ,9.538   ,-0.708   ,2.49   ,9.462   ,-0.708   ,2.49   ,9.462   ,-0.708   ,2.528   ,9.462   ,-0.708   ,2.528   ,9.462   ,-0.727   ,2.47   ,9.404   ,-0.689   ,2.49   ,9.366   ,-0.689   ,2.49   ,9.366   ,-0.689   ,2.528   ,9.289   ,-0.095   ,3.543   ,8.523   ,-0.095   ,3.543   ,8.523   ,-0.766   ,2.834   ,8.293   ,-0.766   ,2.834   ,8.293   ,-0.842   ,2.892   ,8.427   ,-1.072   ,2.777   ,8.389   ,-1.072   ,2.777   ,8.389   ,-1.034   ,2.873   ,8.523   ,-1.034   ,2.873   ,8.523   ,-1.149   ,2.662   ,8.676   ,-1.149   ,2.643   ,9.002   ,-1.149   ,2.643   ,9.002   ,-0.996   ,2.662   ,9.289   ,-1.245   ,1.972   ,9.519   ,-1.149   ,1.589   ,9.845   ,-1.149   ,1.589   ,9.845   ,-0.325   ,2.509   ,10.209   ,-0.325   ,2.509   ,10.209   ,-0.134   ,2.509   ,9.864   ,-0.134   ,2.509   ,9.864   ,-0.498   ,2.336   ,9.672   ,-0.67   ,2.509   ,9.519   ,-0.574   ,2.566   ,9.5   ,-0.574   ,2.566   ,9.5   ,-0.651   ,2.47   ,9.404   ,-0.651   ,2.47   ,9.404   ,-0.727   ,2.451   ,9.347   ,-0.727   ,2.451   ,9.347   ,-0.67   ,2.49   ,9.27   ,-0.536   ,2.566   ,9.251   ,-0.536   ,2.566   ,9.251   ,-0.536   ,2.585   ,9.155   ,-0.536   ,2.585   ,9.155   ,-0.536   ,2.604   ,9.117   ,-0.517   ,2.604   ,9.136   ,-0.517   ,2.604   ,9.136   ,-0.536   ,2.643   ,9.04   ,-0.651   ,2.681   ,8.964   ,-0.651   ,2.681   ,8.964   ,-0.612   ,2.719   ,8.983   ,-0.612   ,2.796   ,8.945   ,-0.612   ,2.796   ,8.945   ,-0.632   ,2.777   ,8.945   ,-0.651   ,2.777   ,8.983   ,-0.651   ,2.777   ,8.983   ,-0.67   ,2.777   ,9.021   ,-0.67   ,2.777   ,9.021   ,-0.727   ,2.739   ,9.136   ,-0.708   ,2.719   ,9.174   ,-0.708   ,2.719   ,9.174   ,-0.708   ,2.7   ,9.194   ,-0.708   ,2.7   ,9.194   ,-0.747   ,2.643   ,9.27   ,-0.727   ,2.643   ,9.308   ,-0.727   ,2.643   ,9.308   ,-0.766   ,2.585   ,9.308   ,-0.766   ,2.585   ,9.308   ,-0.747   ,2.547   ,9.347   ,-0.747   ,2.547   ,9.347   ,-0.727   ,2.509   ,9.347   ,-0.708   ,2.547   ,9.385   ,-0.708   ,2.547   ,9.385   ,-0.727   ,2.566   ,9.385   ,-0.727   ,2.509   ,9.443   ,-0.708   ,2.547   ,9.481   ,-0.708   ,2.547   ,9.481   ,-0.67   ,2.528   ,9.5   ,-0.67   ,2.49   ,9.538   ,-0.67   ,2.49   ,9.538   ,-0.651   ,2.432   ,9.557   ,-0.67   ,2.394   ,9.557   ,-0.67   ,2.394   ,9.557   ,-0.632   ,2.451   ,9.538   ,-0.632   ,2.451   ,9.538   ,-0.632   ,2.451   ,9.481   ,-0.134   ,3.141   ,9.002   ,-0.134   ,3.141   ,9.002   ,-0.402   ,2.873   ,9.653   ,-0.651   ,2.777   ,7.91   ,-0.651   ,3.007   ,8.561   ,-0.651   ,3.007   ,8.561   ,-1.053   ,2.643   ,8.332   ,-1.053   ,2.643   ,8.332   ,-1.225   ,2.528   ,8.619   ,-1.225   ,2.528   ,8.619   ,-1.11   ,2.739   ,9.098   ,-0.957   ,2.662   ,9.404   ,-1.187   ,1.972   ,9.711   ,-1.187   ,1.972   ,9.711   ,-1.245   ,1.589   ,9.826   ,-0.057   ,2.739   ,10.266   ,-0.057   ,2.739   ,10.266   ,0.038   ,2.662   ,9.96   ,-0.421   ,2.432   ,9.519   ,-0.498   ,2.624   ,9.328   ,-0.498   ,2.624   ,9.328   ,-0.344   ,2.758   ,9.27   ,-0.363   ,2.7   ,9.232   ,-0.363   ,2.7   ,9.232   ,-0.517   ,2.624   ,9.136   ,-0.517   ,2.624   ,9.136   ,-0.498   ,2.643   ,9.155   ,-0.421   ,2.624   ,9.174   ,-0.421   ,2.624   ,9.174   ,-0.383   ,2.604   ,9.155   ,-0.344   ,2.643   ,9.136   ,-0.344   ,2.643   ,9.136   ,-0.306   ,2.662   ,9.174   ,-0.306   ,2.662   ,9.174   ,-0.344   ,2.681   ,9.136   ,-0.344   ,2.681   ,9.136   ,-0.363   ,2.7   ,9.155   ,-0.287   ,2.739   ,9.194   ,-0.306   ,2.739   ,9.251   ,-0.306   ,2.739   ,9.251   ,-0.344   ,2.681   ,9.27   ,-0.344   ,2.681   ,9.27   ,-0.344   ,2.643   ,9.308   ,-0.459   ,2.585   ,9.385   ,-0.536   ,2.566   ,9.423   ,-0.574   ,2.566   ,9.423   ,-0.574   ,2.566   ,9.423   ,-0.632   ,2.585   ,9.462   ,-0.632   ,2.585   ,9.462   ,-0.555   ,2.585   ,9.538   ,-0.574   ,2.585   ,9.462   ,-0.517   ,2.547   ,9.481   ,-0.517   ,2.547   ,9.481   ,-0.421   ,2.509   ,9.481   ,-0.421   ,2.509   ,9.481   ,-0.402   ,2.509   ,9.462   ,-0.383   ,2.451   ,9.481   ,-0.383   ,2.451   ,9.481   ,-0.344   ,2.413   ,9.538   ,-0.383   ,2.451   ,9.538   ,0.057   ,3.083   ,8.619   ,0.057   ,3.083   ,8.619   ,-0.095   ,2.834   ,9.749   ,-0.057   ,2.911   ,8.581   ,-0.057   ,2.911   ,8.581   ,-0.727   ,2.873   ,8.676   ,-0.727   ,2.873   ,8.676   ,-1.091   ,2.375   ,8.657   ,-0.785   ,2.336   ,8.868   ,-0.785   ,2.336   ,8.868   ,-0.517   ,2.873   ,9.098   ,-0.517   ,2.873   ,9.098   ,-0.574   ,3.026   ,9.155   ,-0.823   ,2.7   ,9.308   ,-0.823   ,2.7   ,9.308   ,-0.727   ,2.566   ,9.519   ,-0.727   ,2.566   ,9.519   ,-0.708   ,1.992   ,9.768   ,-0.708   ,1.992   ,9.768   ,-0.498   ,1.877   ,9.96   ,-0.498   ,1.877   ,9.96   ,0.229   ,2.7   ,10.075   ,0.057   ,2.624   ,9.768   ,-0.306   ,2.604   ,9.5   ,-0.268   ,2.796   ,9.423   ,-0.268   ,2.796   ,9.423   ,-0.114   ,2.873   ,9.308   ,-0.114   ,2.873   ,9.308   ,-0.172   ,2.758   ,9.232   ,-0.191   ,2.7   ,9.117   ,-0.191   ,2.7   ,9.117   ,0.0   ,2.7   ,9.117   ,0.076   ,2.7   ,9.117   ,0.076   ,2.7   ,9.117   ,0.038   ,2.681   ,9.079   ,0.038   ,2.681   ,9.079   ,0.076   ,2.681   ,9.079   ,0.076   ,2.681   ,9.079   ,0.057   ,2.681   ,9.059   ,0.057   ,2.681   ,9.059   ,0.038   ,2.662   ,9.059   ,0.019   ,2.662   ,9.117   ,0.057   ,2.662   ,9.174   ,0.057   ,2.662   ,9.174   ,0.057   ,2.662   ,9.174   ,0.057   ,2.662   ,9.174   ,0.038   ,2.662   ,9.213   ,0.057   ,2.662   ,9.328   ,0.019   ,2.585   ,9.404   ,0.019   ,2.585   ,9.404   ,0.0   ,2.528   ,9.519   ,0.0   ,2.528   ,9.519   ,-0.057   ,2.451   ,9.577   ,-0.057   ,2.451   ,9.577   ,-0.114   ,2.394   ,9.653   ,-0.153   ,2.336   ,9.711   ,-0.153   ,2.336   ,9.711   ,-0.153   ,2.317   ,9.711   ,0.019   ,2.815   ,9.232   ,0.019   ,2.815   ,9.232   ,0.383   ,2.853   ,9.289   ,-0.21   ,3.007   ,8.81   ,-0.21   ,3.007   ,8.81   ,-0.612   ,2.796   ,8.715   ,-0.574   ,2.509   ,8.772   ,-0.574   ,2.509   ,8.772   ,-0.402   ,2.7   ,9.117   ,-0.402   ,2.7   ,9.117   ,-0.651   ,2.739   ,9.174   ,-0.804   ,2.509   ,9.27   ,-0.44   ,2.566   ,9.423   ,-0.44   ,2.566   ,9.423   ,-0.306   ,2.49   ,9.481   ,-0.229   ,2.106   ,9.462   ,-0.229   ,2.106   ,9.462   ,0.325   ,2.528   ,9.385   ,0.421   ,2.719   ,9.615   ,0.421   ,2.719   ,9.615   ,0.172   ,2.643   ,9.194   ,0.095   ,2.624   ,9.117   ,0.153   ,2.739   ,9.155   ,0.134   ,2.719   ,9.174   ,0.134   ,2.719   ,9.174   ,0.114   ,2.585   ,9.251   ,0.153   ,2.624   ,9.289   ,0.153   ,2.624   ,9.289   ,0.249   ,2.739   ,9.404   ,0.229   ,2.643   ,9.519   ,0.229   ,2.643   ,9.519   ,-0.038   ,2.355   ,9.787   ,-0.229   ,2.221   ,9.864   ,-0.383   ,2.068   ,9.941   ,-0.383   ,2.068   ,9.941   ,-0.383   ,2.03   ,9.998   ,-0.421   ,2.126   ,9.902   ,-0.421   ,2.126   ,9.902   ,-0.383   ,2.164   ,9.902   ,-0.383   ,2.164   ,9.902   ,-0.421   ,2.145   ,10.017   ,-0.421   ,2.145   ,10.017   ,-0.421   ,2.164   ,9.979   ,-0.421   ,2.164   ,9.979   ,-0.459   ,2.106   ,10.17   ,-0.498   ,1.992   ,10.266   ,-0.498   ,1.992   ,10.266   ,-0.708   ,1.743   ,10.343   ,-0.861   ,1.608   ,10.4   ,-0.861   ,1.608   ,10.4   ,-0.9   ,1.417   ,10.419   ,-0.9   ,1.417   ,10.419   ,-0.919   ,1.417   ,10.324   ,-0.881   ,1.474   ,10.094   ,-0.785   ,1.57   ,9.883   ,-0.785   ,1.57   ,9.883   ,0.383   ,3.313   ,9.174   ,0.383   ,3.313   ,9.174   ,-1.11   ,1.436   ,9.174   ,-1.11   ,1.436   ,9.174   ,-0.555   ,2.221   ,9.251   ,-0.957   ,1.781   ,9.155   ,-1.513   ,1.149   ,9.519   ,-1.513   ,1.149   ,9.519   ,-1.723   ,0.938   ,9.672   ,-1.723   ,0.938   ,9.672   ,-0.842   ,1.896   ,10.113   ,-1.015   ,1.743   ,9.883   ,-1.436   ,1.532   ,9.672   ,-1.379   ,1.685   ,9.519   ,-1.379   ,1.685   ,9.519   ,-1.225   ,1.723   ,9.366   ,-1.225   ,1.723   ,9.366   ,-1.264   ,1.685   ,9.251   ,-1.264   ,1.685   ,9.251   ,-1.283   ,1.551   ,9.136   ,-1.283   ,1.532   ,9.213   ,-1.283   ,1.532   ,9.213   ,-1.245   ,1.474   ,9.289   ,-1.264   ,1.417   ,9.308   ,-1.264   ,1.417   ,9.308   ,-1.264   ,1.398   ,9.385   ,-1.245   ,1.359   ,9.481   ,-1.245   ,1.359   ,9.481   ,-1.264   ,1.321   ,9.5   ,-1.321   ,1.264   ,9.577   ,-1.321   ,1.264   ,9.577   ,-1.436   ,1.206   ,9.692   ,-1.436   ,1.206   ,9.692   ,-1.494   ,1.168   ,9.826   ,-1.494   ,1.168   ,9.826   ,-1.589   ,1.11   ,9.979   ,-1.666   ,1.072   ,9.979   ,-1.704   ,1.015   ,9.979   ,-1.704   ,1.015   ,9.979   ,-1.896   ,2.279   ,7.987   ,-1.896   ,2.279   ,7.987   ,-1.666   ,1.379   ,9.117   ,-1.666   ,1.379   ,9.117   ,-1.8   ,1.532   ,8.676   ,-2.011   ,1.704   ,8.906   ,-1.953   ,1.187   ,8.408   ,-1.953   ,1.187   ,8.408   ,-1.628   ,1.934   ,8.772   ,-1.628   ,1.934   ,8.772   ,-1.608   ,1.723   ,8.676   ,-1.589   ,1.819   ,8.983   ,-1.589   ,1.819   ,8.983   ,-1.704   ,1.34   ,9.098   ,-1.704   ,1.34   ,9.098   ,-1.225   ,1.934   ,9.481   ,-0.919   ,2.336   ,9.385   ,-0.919   ,2.336   ,9.385   ,-1.187   ,2.049   ,9.098   ,-1.455   ,2.068   ,8.983   ,-1.455   ,2.068   ,8.983   ,-1.34   ,2.336   ,8.925   ,-1.321   ,2.336   ,8.925   ,-1.321   ,2.336   ,8.925   ,-1.34   ,2.336   ,8.887   ,-1.34   ,2.336   ,8.887   ,-1.398   ,2.432   ,8.887   ,-1.398   ,2.49   ,9.002   ,-1.417   ,2.528   ,9.021   ,-1.455   ,2.49   ,9.136   ,-1.455   ,2.49   ,9.136   ,-1.455   ,2.49   ,9.155   ,-1.474   ,2.49   ,9.174   ,-1.474   ,2.49   ,9.174   ,-1.513   ,2.509   ,9.174   ,-1.513   ,2.585   ,9.136   ,-1.513   ,2.585   ,9.136   ,-1.551   ,2.624   ,9.117   ,-1.551   ,2.624   ,9.117   ,-1.628   ,2.662   ,9.117   ,-1.628   ,2.719   ,9.194   ,-1.666   ,2.719   ,9.155   ,-1.666   ,2.719   ,9.155   ,-1.685   ,2.777   ,9.117   ,-1.685   ,2.777   ,9.04   ,-1.685   ,2.777   ,9.04   ,-1.57   ,3.275   ,7.24   ,-1.57   ,3.275   ,7.24   ,-1.359   ,3.198   ,8.523   ,-1.283   ,3.217   ,7.949   ,-1.283   ,3.217   ,7.949   ,-1.838   ,3.007   ,8.332   ,-1.379   ,3.026   ,8.255   ,-1.379   ,3.026   ,8.255   ,-1.034   ,3.352   ,8.466   ,-1.149   ,3.256   ,8.332   ,-1.11   ,3.179   ,8.466   ,-1.11   ,3.179   ,8.466   ,-1.149   ,3.045   ,8.657   ,-1.149   ,3.045   ,8.657   ,-1.321   ,2.585   ,9.079   ,-0.976   ,2.719   ,9.481   ,-0.976   ,2.719   ,9.481   ,-0.383   ,3.466   ,9.557   ,-0.612   ,3.16   ,9.366   ,-0.612   ,3.16   ,9.366   ,-0.861   ,3.045   ,9.194   ,-0.804   ,3.198   ,9.232   ,-0.727   ,3.217   ,9.289   ,-0.727   ,3.217   ,9.289   ,-0.881   ,3.179   ,9.251   ,-0.881   ,3.179   ,9.251   ,-1.034   ,3.179   ,9.328   ,-1.034   ,3.179   ,9.328   ,-1.072   ,3.217   ,9.404   ,-1.13   ,3.179   ,9.538   ,-1.187   ,3.16   ,9.557   ,-1.206   ,3.122   ,9.577   ,-1.206   ,3.122   ,9.577   ,-1.264   ,3.122   ,9.596   ,-1.283   ,3.16   ,9.577   ,-1.283   ,3.16   ,9.557   ,-1.245   ,3.217   ,9.615   ,-1.245   ,3.217   ,9.615   ,-1.225   ,3.313   ,9.596   ,-1.091   ,3.332   ,9.768   ,-1.091   ,3.332   ,9.768   ,-1.13   ,3.198   ,9.902   ,-1.647   ,4.041   ,7.067   ,-1.647   ,4.041   ,7.067   ,0.076   ,3.696   ,11.588   ,-1.283   ,2.815   ,8.734   ,-2.126   ,2.279   ,9.845   ,-2.126   ,2.279   ,9.845   ,-1.685   ,2.336   ,10.266   ,-1.11   ,2.221   ,10.324   ,-1.11   ,2.221   ,10.324   ,-1.436   ,1.972   ,10.898   ,-1.436   ,1.972   ,10.898   ,-1.494   ,1.225   ,10.898   ,-1.494   ,1.225   ,10.898   ,-0.785   ,1.953   ,11.243   ,-0.249   ,2.451   ,11.052   ,-0.249   ,2.451   ,11.052   ,-0.402   ,2.011   ,10.362   ,-0.612   ,1.972   ,9.864   ,-0.498   ,2.145   ,9.385   ,-0.498   ,2.145   ,9.385   ,-0.344   ,2.145   ,9.232   ,-0.344   ,2.145   ,9.232   ,-0.344   ,2.126   ,8.868   ,-0.363   ,2.145   ,8.753   ,-0.363   ,2.145   ,8.753   ,-0.306   ,2.087   ,8.619   ,-0.287   ,2.087   ,8.638   ,-0.287   ,2.087   ,8.638   ,-0.268   ,2.068   ,8.6   ,-0.21   ,2.049   ,8.638   ,-0.21   ,2.049   ,8.638   ,-0.095   ,2.011   ,8.619   ,-0.057   ,2.011   ,8.657   ,0.076   ,1.953   ,8.523   ,0.076   ,1.953   ,8.523   ,0.229   ,1.972   ,8.485   ,0.229   ,1.972   ,8.485   ,0.306   ,2.068   ,8.619   ,0.325   ,2.011   ,8.791   ,0.44   ,1.896   ,8.849   ,0.478   ,2.26   ,9.155   ,0.478   ,2.26   ,9.155   ,0.44   ,2.7   ,9.194   ,0.517   ,2.911   ,9.385   ,0.517   ,2.911   ,9.385   ,0.153   ,1.628   ,10.19   ,0.134   ,1.781   ,9.998   ,0.134   ,1.781   ,9.998   ,0.172   ,2.087   ,9.749   ,0.172   ,2.087   ,9.749   ,0.344   ,1.915   ,9.787   ,0.344   ,1.915   ,9.787   ,0.268   ,1.455   ,9.768   ,0.268   ,1.455   ,9.768   ,0.0   ,1.398   ,9.787   ,-0.325   ,1.551   ,9.672   ,-0.038   ,1.781   ,9.289   ,-0.038   ,1.781   ,9.289   ,0.095   ,1.608   ,8.887   ,-0.076   ,1.532   ,8.791   ,-0.076   ,1.532   ,8.791   ,-0.038   ,1.781   ,8.734   ,0.363   ,1.934   ,8.217   ,0.632   ,1.838   ,8.159   ,0.632   ,1.838   ,8.159   ,0.363   ,2.47   ,7.795   ,0.344   ,2.7   ,7.565   ,0.344   ,2.7   ,7.565   ,0.632   ,2.873   ,7.795   ,0.727   ,2.911   ,7.949   ,0.172   ,2.662   ,8.427   ,0.44   ,2.451   ,8.715   ,0.44   ,2.451   ,8.715   ,0.095   ,2.509   ,8.849   ,-0.114   ,2.317   ,8.906   ,-0.114   ,2.317   ,8.906   ,-0.076   ,2.298   ,9.155   ,0.153   ,2.336   ,9.366   ,0.153   ,2.336   ,9.366   ,0.555   ,2.451   ,9.749   ,0.555   ,2.451   ,9.749   ,0.498   ,2.509   ,9.73   ,0.498   ,2.509   ,9.73   ,0.038   ,2.528   ,9.711   ,0.0   ,2.681   ,9.672   ,0.229   ,2.93   ,9.538   ,0.229   ,2.93   ,9.538   ,0.114   ,3.026   ,9.385   ,0.114   ,3.026   ,9.385   ,-0.076   ,2.873   ,9.174   ,-0.172   ,2.796   ,9.021   ,-0.172   ,2.796   ,9.021   ,-0.249   ,2.93   ,8.849   ,-0.229   ,3.007   ,8.849   ,-0.229   ,3.007   ,8.849   ,-0.229   ,3.083   ,8.657   ,-0.229   ,3.083   ,8.657   ,-0.306   ,3.064   ,8.715   ,-0.306   ,3.064   ,8.715   ,-0.402   ,3.275   ,8.696   ,-0.421   ,3.409   ,8.696   ,-0.421   ,3.409   ,8.696   ,-0.402   ,3.447   ,8.657   ,-0.402   ,3.447   ,8.657   ,-0.325   ,3.371   ,8.696   ,-0.325   ,3.371   ,8.696   ,-0.095   ,3.217   ,8.83   ,-0.095   ,3.217   ,8.83   ,-0.076   ,3.198   ,8.753   ,-0.249   ,3.179   ,8.791   ,-0.268   ,3.256   ,9.002   ,-0.268   ,3.256   ,9.002   ,-0.287   ,3.294   ,9.155   ,-0.191   ,3.352   ,9.251   ,0.057   ,3.505   ,9.615   ,0.057   ,3.505   ,9.615   ,0.21   ,3.658   ,9.653   ,0.306   ,3.658   ,9.634   ,0.306   ,3.658   ,9.634   ,0.325   ,3.62   ,9.711   ,0.363   ,3.601   ,9.883   ,0.287   ,3.543   ,10.036   ,0.038   ,3.811   ,10.343   ,0.038   ,3.811   ,10.343   ,0.038   ,3.888   ,10.439   ,0.038   ,3.888   ,10.439   ,0.287   ,3.792   ,10.726   ,0.191   ,3.677   ,10.975   ,0.191   ,3.677   ,10.975   ,-0.306   ,3.294   ,11.492   ,-0.306   ,3.294   ,11.492   ,-0.44   ,2.968   ,11.779   ,-0.44   ,2.968   ,11.779   ,-0.651   ,2.566   ,12.182   ,-0.651   ,2.566   ,12.182   ,-0.842   ,2.355   ,12.143   ,-1.149   ,2.049   ,12.182   ,-1.34   ,1.685   ,11.779   ,-1.34   ,1.149   ,10.803   ,-1.417   ,0.957   ,8.734   ,-1.417   ,0.957   ,8.734   ,-1.13   ,1.034   ,9.462   ,-0.996   ,1.513   ,10.343   ,-0.996   ,1.513   ,10.343   ,-1.072   ,2.241   ,11.53   ,-1.072   ,2.241   ,11.53   ,-1.053   ,2.528   ,11.473   ,-1.091   ,2.624   ,10.228   ,-0.919   ,2.375   ,9.653   ,-0.306   ,2.106   ,7.7   ,-0.306   ,2.106   ,7.7   ,0.153   ,2.164   ,7.623   ,0.153   ,2.164   ,7.623   ,0.44   ,2.585   ,8.408   ,0.593   ,2.815   ,8.638   ,0.593   ,2.815   ,8.638   ,0.861   ,2.164   ,8.657   ,0.861   ,2.164   ,8.657   ,1.187   ,1.685   ,8.619   ,1.436   ,1.149   ,8.542   ,1.685   ,1.072   ,9.059   ,1.685   ,1.072   ,9.059   ,1.838   ,1.187   ,9.289   ,1.838   ,1.187   ,9.289   ,1.723   ,1.628   ,9.404   ,1.379   ,2.49   ,10.266   ,1.302   ,2.892   ,10.419   ,1.302   ,2.892   ,10.419   ,1.187   ,2.451   ,10.266   ,1.187   ,2.451   ,10.266   ,1.379   ,1.685   ,9.692   ,1.379   ,1.685   ,9.692   ,1.34   ,1.589   ,9.174   ,1.34   ,1.589   ,9.174   ,1.015   ,2.681   ,7.7   ,0.976   ,2.988   ,7.412   ,1.245   ,2.796   ,8.312   ,1.245   ,2.796   ,8.312   ,1.417   ,2.624   ,9.308   ,1.417   ,2.624   ,9.308   ,1.57   ,2.566   ,9.634   ,1.915   ,2.451   ,9.347   ,1.953   ,2.566   ,8.523   ,1.953   ,2.566   ,8.523   ,1.877   ,2.892   ,8.178   ,1.877   ,2.892   ,8.178   ,1.953   ,3.141   ,7.968   ,2.298   ,3.256   ,7.68   ,2.604   ,3.217   ,7.968   ,2.815   ,3.352   ,8.638   ,2.815   ,3.352   ,8.638   ,2.777   ,3.486   ,8.447   ,2.777   ,3.486   ,8.447   ,2.662   ,3.428   ,8.006   ,2.739   ,3.141   ,7.949   ,2.413   ,2.643   ,7.374   ,2.413   ,2.643   ,7.374   ,2.087   ,2.547   ,7.738   ,1.743   ,2.739   ,8.945   ,1.685   ,2.911   ,10.4   ,1.953   ,3.217   ,10.688   ,1.934   ,3.543   ,9.998   ,1.934   ,3.543   ,9.998   ,1.915   ,4.003   ,9.462   ,1.915   ,4.003   ,9.462   ,1.992   ,4.194   ,9.711   ,1.992   ,4.194   ,9.711   ,2.279   ,4.099   ,9.596   ,2.47   ,3.85   ,9.462   ,2.451   ,3.466   ,9.308   ,2.298   ,3.275   ,9.5   ,2.298   ,3.275   ,9.5   ,2.164   ,3.179   ,10.362   ,2.164   ,3.179   ,10.362   ,2.087   ,3.122   ,11.032   ,2.087   ,3.122   ,11.032   ,1.072   ,3.083   ,9.5   ,0.517   ,2.873   ,8.887   ,0.019   ,2.355   ,8.676   ,-0.134   ,2.126   ,8.638   ,-0.134   ,2.126   ,8.638   ,0.114   ,2.375   ,8.542   ,0.114   ,2.375   ,8.542   ,0.536   ,2.739   ,8.619   ,1.34   ,3.122   ,8.925   ,1.857   ,3.256   ,8.983   ,2.298   ,3.486   ,8.696   ,2.336   ,3.505   ,8.542   ,2.336   ,3.505   ,8.542   ,1.972   ,3.505   ,8.466   ,1.972   ,3.505   ,8.466   ,1.436   ,3.754   ,8.542   ,1.436   ,3.754   ,8.542   ,0.804   ,3.581   ,8.676   ,0.804   ,3.581   ,8.676   ,0.689   ,3.371   ,8.868   ,0.555   ,3.045   ,8.849   ,0.095   ,3.16   ,8.83   ,-2.355   ,3.466   ,9.73   ,-2.355   ,3.466   ,9.73   ,-1.915   ,3.505   ,10.688   ,-0.881   ,3.62   ,10.362   ,0.459   ,3.562   ,9.845   ,0.459   ,3.562   ,9.845   ,0.976   ,3.62   ,10.036   ,0.976   ,3.62   ,10.036   ,0.842   ,3.601   ,9.577   ,0.919   ,3.371   ,8.293   ,0.785   ,3.294   ,8.044   ,0.785   ,3.294   ,8.044   ,0.574   ,3.141   ,7.259   ,0.574   ,3.141   ,7.259   ,0.593   ,2.911   ,6.799   ,0.861   ,2.604   ,6.953   ,1.053   ,2.566   ,7.316   ,1.053   ,2.566   ,7.316   ,1.264   ,3.007   ,7.412   ,1.302   ,3.39   ,7.355   ,1.168   ,3.754   ,7.431   ,1.168   ,3.754   ,7.431   ,1.034   ,3.811   ,7.565   ,1.034   ,3.811   ,7.565   ,0.766   ,3.85   ,8.025   ,0.306   ,3.773   ,8.198   ,0.306   ,3.773   ,8.198   ,-0.306   ,3.869   ,8.868   ,-0.057   ,3.83   ,9.117   ,0.134   ,3.888   ,9.251   ,0.134   ,3.888   ,9.251   ,-0.057   ,4.003   ,9.251   ,-0.057   ,4.003   ,9.251   ,-0.402   ,4.233   ,9.328   ,-0.478   ,4.194   ,9.174   ,-0.325   ,4.079   ,9.079   ,-0.325   ,4.079   ,9.079   ,-0.287   ,4.328   ,8.466   ,-0.287   ,4.328   ,8.466   ,-0.325   ,4.539   ,8.025   ,-0.019   ,4.328   ,7.604   ,0.383   ,4.194   ,7.585   ,0.861   ,4.175   ,7.623   ,0.861   ,4.175   ,7.623   ,0.842   ,4.175   ,7.642   ,0.842   ,4.175   ,7.642   ,1.053   ,4.022   ,7.757   ,1.053   ,4.022   ,7.757   ,1.034   ,3.773   ,7.776   ,0.9   ,3.466   ,7.393   ,0.363   ,3.754   ,7.508   ,-0.287   ,4.156   ,7.412   ,-0.287   ,4.156   ,7.412   ,-0.861   ,4.367   ,7.221   ,-0.861   ,4.367   ,7.221   ,-1.359   ,4.539   ,7.853   ,-1.379   ,4.443   ,8.025   ,-0.9   ,4.137   ,8.121   ,-0.325   ,3.792   ,7.891   ,-0.325   ,3.792   ,7.891   ,-0.095   ,3.62   ,7.738   ,-0.095   ,3.62   ,7.738   ,0.095   ,3.735   ,8.198   ,0.095   ,3.735   ,8.198   ,0.67   ,4.348   ,9.366   ,0.67   ,4.348   ,9.366   ,1.206   ,4.711   ,9.845   ,2.106   ,5.152   ,10.343   ,2.279   ,5.344   ,10.113   ,2.279   ,5.344   ,10.113   ,1.8   ,5.133   ,9.098   ,1.8   ,5.133   ,9.098   ,1.436   ,4.635   ,8.485   ,0.574   ,4.003   ,7.719   ,0.459   ,3.754   ,7.316   ,0.459   ,3.754   ,7.316   ,0.708   ,3.696   ,7.106   ,0.708   ,3.696   ,7.106   ,0.785   ,3.869   ,7.221   ,0.785   ,3.869   ,7.221   ,1.053   ,4.271   ,7.795   ,1.13   ,4.482   ,8.389   ,0.9   ,5.229   ,6.914   ,0.9   ,5.229   ,6.914   ,1.934   ,5.114   ,8.657   ,2.068   ,4.865   ,8.6   ,2.068   ,4.865   ,8.6   ,2.126   ,4.156   ,8.696   ,2.126   ,4.156   ,8.696   ,1.513   ,3.39   ,8.753   ,1.245   ,3.945   ,8.408   ,1.245   ,3.945   ,8.408   ,1.474   ,4.577   ,8.083   ,1.474   ,4.577   ,8.083   ,1.379   ,4.769   ,7.814   ,1.379   ,4.769   ,7.814   ,1.494   ,4.501   ,8.312   ,1.494   ,4.501   ,8.312   ,1.589   ,4.348   ,8.753   ,1.494   ,4.348   ,9.098   ,1.474   ,4.846   ,9.04   ,1.685   ,5.152   ,8.983   ,1.992   ,5.095   ,9.098   ,1.992   ,5.095   ,9.098   ,2.47   ,4.041   ,9.807   ,2.796   ,2.183   ,10.477   ,2.796   ,2.183   ,10.477   ,1.647   ,3.735   ,9.423   ,1.666   ,6.665   ,6.282   ,1.666   ,6.665   ,6.282   ,2.451   ,3.945   ,9.596   ,2.451   ,3.945   ,9.596   ,2.355   ,2.949   ,9.232   ,2.202   ,4.386   ,8.236   ,2.202   ,4.386   ,8.236   ,2.011   ,5.037   ,7.872   ,2.106   ,5.439   ,7.68   ,2.106   ,5.439   ,7.68   ,2.394   ,5.305   ,7.891   ,2.643   ,4.769   ,8.81   ,2.681   ,4.386   ,9.634   ,2.681   ,4.386   ,9.634   ,2.451   ,3.964   ,10.132   ,2.355   ,3.428   ,9.96   ,2.355   ,3.428   ,9.96   ,1.743   ,2.911   ,10.343   ,1.474   ,3.256   ,10.151   ,1.225   ,3.064   ,9.328   ,0.881   ,2.93   ,8.964   ,0.574   ,2.892   ,9.002   ,0.574   ,2.892   ,9.002   ,0.632   ,2.873   ,9.04   ,0.498   ,3.064   ,9.021   ,0.229   ,3.007   ,9.002   ,0.21   ,2.777   ,8.791   ,0.21   ,2.777   ,8.791   ,0.153   ,2.662   ,8.561   ,0.153   ,2.547   ,8.466   ,0.153   ,2.547   ,8.466   ,0.191   ,2.375   ,8.466   ,-0.019   ,2.317   ,8.945   ,-0.019   ,2.317   ,8.945   ,0.076   ,2.221   ,9.768   ,0.976   ,1.838   ,9.711   ,0.976   ,1.838   ,9.711   ,1.11   ,1.953   ,8.408   ,0.21   ,1.8   ,8.236   ,-0.268   ,1.838   ,8.14   ,-0.268   ,1.838   ,8.14   ,-0.938   ,2.03   ,8.312   ,-1.053   ,2.126   ,8.312   ,-1.053   ,2.126   ,8.312   ,-1.225   ,2.202   ,8.332   ,-1.225   ,2.202   ,8.332   ,-1.091   ,2.202   ,8.293   ,-1.091   ,2.202   ,8.293   ,-0.823   ,2.241   ,8.389   ,-0.747   ,2.413   ,8.37   ,-0.632   ,2.413   ,8.485   ,-0.632   ,2.413   ,8.485   ,-0.478   ,2.241   ,8.619   ,-0.478   ,2.241   ,8.619   ,-0.249   ,2.087   ,8.983   ,0.536   ,1.877   ,10.496   ,0.536   ,1.877   ,10.496   ,0.632   ,2.892   ,10.803   ,-0.287   ,4.079   ,10.017   ,-0.287   ,4.079   ,10.017   ,-0.21   ,4.635   ,10.783   ,-0.21   ,4.635   ,10.783   ,0.038   ,3.984   ,10.113   ,0.517   ,3.217   ,9.845   ,0.517   ,3.217   ,9.845   ,0.67   ,3.007   ,9.557   ,0.861   ,2.643   ,9.328   ,0.861   ,2.643   ,9.328   ,0.766   ,2.566   ,8.83   ,0.517   ,2.509   ,8.332   ,0.632   ,2.394   ,8.274   ,0.632   ,2.394   ,8.274   ,1.149   ,1.8   ,8.657   ,1.149   ,1.685   ,8.638   ,1.149   ,1.685   ,8.638   ,1.053   ,1.953   ,8.37   ,1.053   ,1.953   ,8.37   ,0.976   ,2.279   ,8.312   ,1.11   ,3.122   ,8.236   ,1.11   ,3.122   ,8.236   ,1.015   ,3.581   ,8.255   ,1.015   ,3.677   ,8.6   ,1.015   ,3.677   ,8.6   ,1.11   ,3.505   ,8.734   ,0.9   ,3.294   ,9.079   ,0.881   ,3.198   ,8.945   ,0.881   ,3.198   ,8.945   ,0.747   ,3.313   ,9.174   ,0.612   ,3.601   ,9.653   ,0.612   ,3.601   ,9.653   ,0.708   ,3.581   ,9.596   ,0.708   ,3.581   ,9.596   ,0.383   ,4.003   ,9.117   ,0.383   ,4.003   ,9.117   ,0.459   ,4.194   ,8.945   ,0.804   ,4.003   ,8.887   ,0.861   ,3.984   ,8.753   ,0.861   ,3.984   ,8.753   ,1.034   ,4.118   ,8.81   ,1.359   ,4.405   ,8.983   ,1.359   ,4.405   ,8.983   ,1.302   ,4.482   ,8.715   ,1.11   ,4.156   ,8.523   ,1.11   ,4.156   ,8.523   ,0.976   ,3.964   ,8.332   ,0.9   ,3.964   ,8.102   ,0.861   ,3.964   ,8.102   ,0.861   ,3.964   ,8.102   ,0.938   ,4.022   ,8.255   ,0.938   ,4.022   ,8.255   ,1.034   ,4.079   ,8.466   ,1.034   ,4.079   ,8.466   ,1.245   ,4.233   ,8.83   ,1.436   ,4.29   ,9.002   ,1.455   ,4.328   ,9.04   ,1.34   ,4.271   ,8.983   ,1.34   ,4.271   ,8.983   ,1.187   ,4.099   ,9.04   ,1.091   ,4.041   ,9.002   ,0.976   ,3.907   ,9.098   ,0.976   ,3.907   ,9.098   ,0.976   ,3.869   ,9.136   ,0.976   ,3.869   ,9.136   ,0.957   ,3.83   ,9.155   ,0.957   ,3.83   ,9.155   ,0.881   ,3.869   ,9.136   ,0.881   ,3.869   ,9.136   ,0.842   ,4.213   ,8.945   ,0.842   ,4.271   ,8.887   ,0.938   ,3.945   ,9.174   ,0.919   ,3.869   ,9.366   ,1.034   ,4.06   ,9.921   ,1.034   ,4.06   ,9.921   ,1.072   ,4.099   ,10.247   ,1.13   ,3.945   ,10.822   ,1.13   ,3.945   ,10.822   ,1.091   ,3.773   ,10.86   ,1.091   ,3.773   ,10.86   ,1.072   ,3.428   ,10.783   ,1.072   ,3.428   ,10.783   ,1.149   ,3.179   ,10.688   ,1.149   ,3.179   ,10.688   ,1.264   ,2.968   ,10.496   ,1.379   ,2.949   ,10.094   ,1.379   ,2.949   ,10.094   ,1.494   ,2.988   ,9.807   ,1.494   ,2.988   ,9.807   ,1.57   ,3.007   ,9.232   ,1.532   ,3.007   ,8.83   ,1.532   ,3.007   ,8.83   ,1.455   ,2.911   ,8.37   ,1.436   ,2.834   ,8.102   ,1.436   ,2.834   ,7.929   ,1.436   ,2.834   ,7.929   ,1.494   ,2.815   ,7.929   ,1.494   ,2.815   ,7.929   ,1.551   ,2.719   ,8.083   ,1.532   ,2.681   ,8.217   ,1.532   ,2.681   ,8.217   ,1.532   ,2.643   ,8.638   ,1.532   ,2.681   ,8.772   ,1.532   ,2.681   ,8.772   ,1.819   ,2.758   ,9.174   ,2.068   ,2.758   ,9.136   ,1.953   ,2.739   ,8.504   ,1.953   ,2.739   ,8.504   ,1.953   ,2.47   ,4.788   ,2.164   ,1.608   ,7.776   ,2.164   ,1.608   ,7.776   ,1.743   ,2.049   ,8.274   ,1.743   ,2.049   ,8.274   ,1.896   ,2.604   ,9.155   ,1.934   ,2.758   ,9.807   ,1.934   ,2.758   ,9.807   ,2.106   ,2.758   ,10.19   ,2.317   ,2.624   ,10.4   ,2.413   ,2.49   ,10.496   ,2.413   ,2.49   ,10.496   ,2.03   ,2.988   ,10.362   ,2.221   ,2.087   ,9.864   ,2.126   ,1.685   ,9.672   ,2.126   ,1.685   ,9.672   ,1.723   ,1.762   ,9.347   ,1.723   ,1.762   ,9.347   ,1.34   ,2.011   ,9.079   ,1.225   ,2.509   ,9.27   ,1.225   ,2.509   ,9.27   ,1.264   ,2.777   ,9.289   ,1.321   ,3.083   ,8.906   ,1.398   ,3.198   ,8.466   ,1.398   ,3.198   ,8.466   ,1.34   ,3.179   ,7.68   ,1.34   ,3.179   ,7.68   ,1.264   ,3.141   ,7.259   ,1.264   ,3.141   ,7.259   ,1.149   ,3.237   ,6.933   ,1.149   ,3.237   ,6.933   ,1.187   ,3.332   ,6.78   ,1.359   ,3.332   ,6.991   ,1.359   ,3.332   ,6.991   ,1.474   ,3.447   ,7.316   ,1.628   ,3.658   ,7.527   ,1.685   ,3.696   ,7.546   ,1.685   ,3.696   ,7.546   ,1.647   ,3.639   ,7.623   ,1.685   ,3.639   ,7.68   ,1.685   ,3.639   ,7.68   ,1.666   ,3.658   ,7.776   ,1.666   ,3.658   ,7.776   ,1.762   ,3.658   ,7.987   ,1.896   ,3.696   ,8.14   ,1.896   ,3.696   ,8.14   ,1.838   ,3.773   ,8.274   ,1.781   ,3.85   ,8.389   ,1.781   ,3.85   ,8.389   ,1.781   ,3.888   ,8.332   ,1.685   ,3.945   ,8.293   ,1.685   ,3.945   ,8.293   ,1.647   ,3.945   ,8.389   ,1.532   ,4.079   ,8.351   ,1.379   ,4.194   ,8.389   ,1.359   ,4.309   ,8.504   ,1.359   ,4.309   ,8.504   ,1.359   ,4.367   ,8.542   ,1.34   ,4.424   ,8.408   ,1.34   ,4.424   ,8.408   ,1.34   ,4.462   ,8.332   ,1.379   ,4.52   ,8.312   ,1.379   ,4.52   ,8.312   ,1.417   ,4.52   ,8.255   ,1.417   ,4.52   ,8.255   ,1.398   ,4.482   ,8.178   ,1.379   ,4.424   ,8.255   ,1.379   ,4.424   ,8.255   ,1.359   ,4.501   ,8.485   ,1.379   ,4.539   ,8.696   ,1.379   ,4.539   ,8.696   ,1.57   ,4.577   ,8.657   ,1.57   ,4.443   ,9.174   ,1.57   ,4.443   ,9.174   ,1.532   ,4.175   ,9.443   ,1.532   ,4.175   ,9.443   ,1.494   ,4.175   ,9.615   ,1.589   ,4.118   ,9.692   ,1.589   ,4.118   ,9.692   ,1.589   ,4.137   ,9.883   ,1.513   ,4.099   ,10.075   ,1.302   ,4.06   ,10.017   ,1.302   ,4.06   ,10.017   ,1.015   ,4.52   ,9.519   ,0.957   ,4.807   ,8.945   ,0.957   ,4.807   ,8.945   ,1.072   ,4.462   ,8.332   ,1.072   ,4.462   ,8.332   ,1.091   ,4.079   ,8.274   ,0.842   ,3.926   ,8.561   ,0.842   ,3.926   ,8.561   ,0.689   ,3.984   ,8.887   ,0.44   ,4.099   ,9.404   ,0.402   ,4.118   ,9.5   ,0.421   ,3.926   ,9.653   ,0.421   ,3.926   ,9.653   ,0.478   ,3.715   ,9.711   ,0.478   ,3.715   ,9.711   ,0.498   ,3.428   ,10.036   ,0.402   ,3.237   ,10.343   ,0.249   ,3.256   ,10.649   ,0.249   ,3.256   ,10.649   ,0.153   ,3.352   ,10.534   ,0.153   ,3.352   ,10.534   ,-0.095   ,3.601   ,10.094   ,-0.21   ,3.677   ,9.615   ,-0.344   ,3.581   ,8.964   ,-0.402   ,3.409   ,8.657   ,-0.325   ,3.332   ,8.312   ,-0.325   ,3.332   ,8.312   ,-0.306   ,3.332   ,8.102   ,-0.306   ,3.332   ,8.102   ,-0.383   ,3.332   ,8.121   ,-0.344   ,3.352   ,8.332   ,-0.344   ,3.352   ,8.332   ,-0.287   ,3.294   ,8.542   ,-0.287   ,3.294   ,8.542   ,-0.287   ,3.141   ,8.657   ,-0.287   ,3.141   ,8.657   ,-0.325   ,2.892   ,8.964   ,-0.325   ,2.892   ,8.964   ,-0.325   ,2.796   ,9.174   ,-0.229   ,2.796   ,9.423   ,-0.095   ,2.873   ,9.577   ,-0.095   ,2.873   ,9.577   ,0.114   ,3.026   ,9.577   ,0.114   ,3.026   ,9.577   ,0.306   ,3.122   ,9.385   ,0.651   ,2.968   ,8.868   ,0.651   ,2.968   ,8.868   ,0.785   ,2.815   ,8.542   ,1.015   ,2.834   ,8.044   ,1.091   ,2.911   ,7.872   ,1.187   ,3.083   ,7.68   ,1.187   ,3.083   ,7.68   ,1.283   ,3.16   ,7.565   ,1.283   ,3.16   ,7.565   ,1.283   ,3.217   ,7.393   ,1.245   ,3.332   ,7.278   ,1.245   ,3.332   ,7.278   ,1.149   ,3.428   ,7.221   ,1.149   ,3.428   ,7.221   ,1.11   ,3.524   ,7.278   ,1.11   ,3.524   ,7.278   ,0.919   ,3.773   ,7.412   ,0.785   ,3.888   ,7.642   ,0.689   ,4.003   ,7.968   ,0.689   ,4.003   ,7.968   ,0.632   ,4.041   ,8.178   ,0.632   ,4.041   ,8.178   ,0.612   ,4.022   ,8.217   ,0.727   ,3.984   ,8.198   ,0.9   ,3.85   ,8.293   ,0.9   ,3.85   ,8.293   ,0.957   ,3.85   ,8.312   ,0.957   ,3.85   ,8.312   ,0.938   ,3.83   ,8.485   ,0.938   ,3.83   ,8.485   ,0.823   ,3.83   ,8.542   ,0.727   ,3.869   ,8.523   ,0.727   ,3.869   ,8.523   ,0.612   ,3.907   ,8.523   ,0.632   ,4.022   ,8.581   ,0.632   ,4.022   ,8.581   ,0.632   ,4.06   ,8.523   ,0.651   ,4.194   ,8.581   ,0.708   ,4.328   ,8.657   ,0.785   ,4.501   ,8.696   ,0.785   ,4.501   ,8.696   ,0.861   ,4.482   ,8.619   ,0.861   ,4.482   ,8.619   ,0.938   ,4.348   ,8.523   ,0.919   ,4.348   ,8.523   ,0.881   ,4.233   ,8.581   ,0.861   ,4.156   ,8.696   ,0.861   ,4.156   ,8.696   ,0.747   ,4.156   ,8.964   ,0.747   ,4.156   ,8.964   ,0.727   ,4.175   ,9.155   ,0.842   ,4.213   ,9.27   ,1.053   ,4.194   ,9.538   ,1.053   ,4.194   ,9.538   ,1.245   ,4.271   ,9.902   ,1.321   ,4.424   ,9.845   ,1.57   ,4.597   ,9.385   ,1.647   ,4.367   ,9.308   ,1.647   ,4.367   ,9.308   ,1.494   ,3.754   ,9.787   ,1.494   ,3.754   ,9.787   ,1.398   ,3.466   ,10.19   ,1.513   ,3.332   ,10.726   ,1.743   ,3.294   ,10.975   ,1.934   ,3.256   ,10.975   ,2.183   ,3.083   ,10.822   ,2.183   ,3.083   ,10.822   ,2.164   ,2.988   ,10.592   ,2.068   ,2.853   ,10.113   ,1.992   ,2.796   ,9.768   ,1.992   ,2.796   ,9.768   ,1.628   ,2.739   ,9.098   ,1.628   ,2.739   ,9.098   ,1.436   ,2.681   ,8.791   ,1.245   ,2.643   ,8.504   ,1.206   ,2.566   ,8.351   ,1.264   ,2.49   ,8.217   ,1.245   ,2.413   ,8.14   ,1.245   ,2.413   ,8.14   ,1.283   ,2.355   ,8.006   ,1.283   ,2.355   ,8.006   ,1.302   ,2.375   ,7.91   ,1.302   ,2.375   ,7.91   ,1.245   ,2.47   ,7.834   ,1.245   ,2.47   ,7.834   ,1.264   ,2.509   ,7.757   ,1.264   ,2.509   ,7.757   ,1.187   ,2.49   ,8.025   ,1.245   ,2.394   ,8.102   ,1.283   ,2.375   ,8.332   ,1.359   ,2.413   ,8.619   ,1.359   ,2.413   ,8.619   ,1.551   ,2.355   ,9.059   ,1.551   ,2.355   ,9.059   ,1.781   ,2.221   ,9.251   ,1.781   ,2.221   ,9.251   ,1.838   ,2.126   ,9.768   ,1.8   ,2.068   ,10.228   ,1.781   ,2.145   ,10.803   ,1.857   ,2.279   ,10.975   ,1.857   ,2.279   ,10.975   ,1.857   ,2.528   ,10.649   ,1.857   ,2.528   ,10.649   ,1.896   ,2.604   ,10.17   ,1.896   ,2.394   ,9.443   ,1.838   ,2.221   ,8.945   ,1.838   ,2.221   ,8.945   ,1.494   ,2.298   ,8.37   ,1.321   ,2.49   ,8.083   ,1.072   ,2.796   ,7.68   ,1.072   ,2.796   ,7.68   ,1.034   ,2.892   ,7.527   ,1.034   ,2.892   ,7.527   ,1.015   ,3.007   ,7.374   ,1.015   ,3.007   ,7.374   ,1.091   ,3.026   ,7.374   ,1.264   ,3.007   ,7.489   ,1.398   ,3.045   ,7.7   ,1.398   ,3.045   ,7.7   ,1.532   ,3.026   ,8.006   ,1.532   ,3.026   ,8.006   ,1.57   ,2.949   ,8.102   ,1.57   ,2.873   ,8.102   ,1.57   ,2.873   ,8.102   ,1.57   ,2.815   ,8.063   ,1.494   ,2.853   ,8.121   ,1.494   ,2.853   ,8.121   ,1.436   ,2.834   ,8.178   ,1.474   ,2.873   ,8.14   ,1.455   ,3.007   ,8.14   ,1.474   ,3.122   ,8.274   ,1.474   ,3.122   ,8.274   ,1.474   ,3.141   ,8.293   ,1.474   ,3.141   ,8.293   ,1.513   ,3.237   ,8.159   ,1.513   ,3.237   ,8.159   ,1.532   ,3.237   ,8.025   ,1.379   ,3.275   ,7.795   ,1.379   ,3.332   ,7.757   ,1.474   ,3.428   ,7.814   ,1.494   ,3.562   ,7.949   ,1.494   ,3.562   ,7.949   ,1.532   ,3.696   ,8.255   ,1.532   ,3.83   ,8.408   ,1.513   ,3.926   ,8.561   ,1.513   ,3.926   ,8.561   ,1.532   ,3.945   ,8.676   ,1.532   ,3.945   ,8.676   ,1.608   ,3.926   ,8.676   ,1.608   ,3.926   ,8.676   ,1.551   ,3.888   ,8.6   ,1.723   ,3.62   ,8.791   ,1.877   ,3.466   ,8.964   ,2.106   ,3.275   ,9.079   ,2.164   ,3.198   ,9.213   ,2.164   ,3.198   ,9.213   ,2.164   ,3.141   ,9.711   ,2.164   ,3.141   ,9.998   ,2.164   ,3.141   ,9.998   ,2.106   ,3.237   ,10.285   ,2.106   ,3.237   ,10.285   ,2.03   ,3.466   ,10.343   ,1.934   ,3.85   ,10.19   ,2.03   ,3.83   ,10.151   ,2.03   ,3.83   ,10.151   ,2.03   ,3.524   ,10.247   ,2.03   ,3.524   ,10.247   ,1.992   ,3.256   ,10.362   ,1.781   ,2.892   ,10.783   ,1.685   ,3.141   ,10.707   ,1.474   ,3.313   ,10.305   ,1.321   ,3.198   ,10.094   ,1.245   ,2.719   ,9.749   ,1.245   ,2.719   ,9.749   ,1.264   ,2.451   ,9.519   ,1.264   ,2.451   ,9.519   ,1.321   ,2.183   ,9.213   ,1.321   ,2.183   ,9.213   ,1.436   ,2.126   ,8.925   ,1.436   ,2.126   ,8.925   ,1.647   ,2.106   ,8.504   ,1.838   ,2.183   ,8.121   ,2.145   ,2.317   ,7.565   ,2.145   ,2.317   ,7.565   ,2.279   ,2.413   ,7.316   ,2.279   ,2.413   ,7.316   ,2.47   ,2.451   ,6.818   ,2.624   ,2.336   ,6.704   ,2.624   ,2.336   ,6.704   ,2.777   ,2.126   ,6.933   ,2.988   ,2.011   ,7.527   ,3.332   ,1.857   ,8.236   ,3.332   ,1.857   ,8.236   ,3.696   ,1.743   ,8.466   ,4.099   ,1.819   ,8.849   ,4.558   ,1.762   ,9.653   ,4.558   ,1.762   ,9.653   ,5.248   ,1.896   ,11.071   ,5.248   ,1.896   ,11.071   ,5.497   ,2.068   ,11.243   ,4.999   ,2.317   ,9.596   ,4.999   ,2.317   ,9.596   ,4.501   ,2.451   ,9.194   ,4.424   ,2.279   ,8.83   ,4.711   ,1.896   ,8.063   ,4.711   ,1.896   ,8.063   ,5.612   ,1.685   ,8.044   ,6.34   ,1.608   ,7.949   ,6.34   ,1.608   ,7.949   ,7.891   ,1.264   ,7.259   ,7.585   ,1.628   ,6.014   ,7.585   ,1.628   ,6.014   ,8.485   ,1.417   ,5.42   ,8.485   ,1.417   ,5.42   ,8.293   ,1.398   ,5.401   ,8.293   ,1.398   ,5.401   ,8.063   ,1.168   ,4.635   ,7.872   ,1.072   ,4.462   ,7.872   ,1.072   ,4.462   ,7.929   ,0.804   ,4.003   ,7.929   ,0.804   ,4.003   ,7.814   ,0.861   ,3.505   ,7.795   ,1.13   ,2.853   ,7.757   ,1.455   ,2.662   ,7.757   ,1.455   ,2.662   ,7.738   ,3.179   ,-4.807   ,8.619   ,3.869   ,-1.685   ,10.017   ,1.819   ,0.957   ,10.017   ,1.819   ,0.957   ,8.906   ,1.206   ,2.777   ,8.906   ,1.206   ,2.777   ,7.719   ,0.9   ,3.62   ,7.719   ,0.9   ,3.62   ,7.489   ,0.842   ,2.911   ,7.202   ,1.34   ,0.976   ,7.853   ,1.972   ,2.183   ,7.853   ,1.972   ,2.183   ,7.374   ,2.662   ,3.275   ,6.723   ,3.275   ,3.371   ,6.723   ,3.275   ,3.371   ,6.244   ,3.85   ,2.528   ,6.071   ,3.601   ,2.279   ,6.071   ,3.601   ,2.279   ,6.071   ,3.466   ,2.93   ,5.995   ,3.735   ,3.562   ,5.995   ,3.735   ,3.562   ,5.535   ,4.405   ,3.926   ,5.535   ,4.405   ,3.926   ,5.401   ,4.731   ,3.735   ,5.554   ,4.846   ,3.773   ,5.937   ,4.731   ,3.907   ,6.225   ,4.635   ,4.079   ,6.225   ,4.635   ,4.079   ,7.048   ,4.233   ,4.003   ,7.048   ,4.233   ,4.003   ,7.259   ,3.62   ,4.424   ,7.316   ,3.409   ,4.252   ,7.527   ,3.543   ,4.692   ,7.451   ,3.735   ,4.788   ,7.451   ,3.735   ,4.788   ,7.431   ,3.754   ,4.616   ,7.431   ,3.754   ,4.616   ,6.608   ,3.102   ,1.589   ,6.608   ,3.102   ,1.589   ,8.044   ,4.482   ,5.631   ,8.37   ,3.945   ,4.999   ,9.347   ,3.371   ,5.018   ,9.347   ,3.371   ,5.018   ,9.883   ,3.141   ,5.861   ,9.883   ,3.141   ,5.861   ,10.151   ,2.336   ,5.535   ,10.151   ,2.336   ,5.535   ,10.017   ,1.934   ,5.209   ,9.328   ,2.164   ,5.114   ,8.925   ,2.509   ,5.516   ,8.925   ,2.509   ,5.516   ,8.523   ,2.739   ,5.669   ,8.504   ,2.624   ,5.784   ,8.83   ,2.355   ,6.263   ,8.83   ,2.355   ,6.263   ,8.849   ,2.106   ,6.32   ,8.849   ,2.106   ,6.32   ,9.059   ,1.781   ,6.665   ,9.155   ,2.126   ,5.937   ,9.557   ,2.375   ,5.937   ,9.557   ,2.375   ,5.937   ,9.289   ,3.179   ,6.378   ,8.887   ,3.007   ,5.861   ,8.561   ,2.988   ,6.301   ,8.198   ,2.719   ,6.091   ,7.872   ,1.685   ,5.765   ,7.872   ,1.685   ,5.765   ,7.527   ,1.206   ,5.554   ,7.527   ,1.206   ,5.554   ,7.106   ,1.053   ,5.382   ,6.684   ,1.206   ,4.826   ,6.301   ,0.574   ,3.677   ,6.301   ,0.574   ,3.677   ,6.167   ,0.134   ,3.62   ,5.707   ,-0.287   ,2.47   ,5.765   ,-0.689   ,1.934   ,4.999   ,-0.057   ,4.577   ,4.999   ,-0.057   ,4.577   ,4.271   ,0.861   ,5.612   ,4.271   ,0.861   ,5.612   ,4.213   ,1.743   ,6.953   ,4.654   ,1.647   ,7.68   ,7.546   ,0.038   ,9.328   ,7.297   ,0.21   ,9.117   ,7.297   ,0.21   ,9.117   ,7.7   ,0.191   ,10.458   ,7.7   ,0.191   ,10.458   ,8.351   ,-0.421   ,11.205   ,7.527   ,-0.344   ,9.672   ,7.527   ,-0.344   ,9.672   ,6.857   ,-0.038   ,7.853   ,5.535   ,0.593   ,6.914   ,4.826   ,0.517   ,6.512   ,4.826   ,0.517   ,6.512   ,4.616   ,-0.363   ,6.359   ,4.616   ,-0.363   ,6.359   ,4.367   ,-0.478   ,6.761   ,4.271   ,-0.172   ,7.163   ,4.367   ,0.019   ,7.355   ,4.367   ,0.019   ,7.355   ,4.424   ,0.383   ,7.719   ,4.424   ,0.383   ,7.719   ,4.367   ,0.517   ,8.063   ,4.405   ,0.383   ,8.427   ,4.597   ,0.114   ,8.619   ,4.903   ,-0.498   ,9.213   ,4.999   ,-0.612   ,9.27   ,4.999   ,-0.612   ,9.27   ,5.114   ,-0.459   ,9.481   ,5.209   ,-0.249   ,9.692   ,5.209   ,-0.249   ,9.692   ,5.286   ,0.114   ,9.96   ,5.401   ,0.134   ,10.132   ,5.401   ,0.134   ,10.132   ,5.305   ,0.191   ,10.132   ,5.171   ,0.344   ,9.941   ,5.037   ,-0.612   ,9.443   ,4.846   ,-1.283   ,9.194   ,4.846   ,-1.283   ,9.194   ,4.539   ,-1.245   ,9.807   ,4.099   ,-0.229   ,10.228   ,4.099   ,-0.229   ,10.228   ,3.869   ,0.785   ,9.443   ,4.041   ,0.612   ,9.213   ,4.271   ,-0.383   ,9.136   ,4.271   ,-0.383   ,9.136   ,4.041   ,-0.957   ,9.615   ,4.041   ,-0.957   ,9.615   ,3.907   ,-0.919   ,9.213   ,3.907   ,-0.919   ,9.213   ,3.984   ,-0.747   ,8.887   ,3.984   ,-0.747   ,8.887   ,4.443   ,-0.957   ,8.676   ,4.443   ,-0.957   ,8.676   ,4.482   ,-0.9   ,8.485   ,4.597   ,-0.919   ,8.178   ,4.597   ,-0.919   ,8.178   ,4.424   ,-0.919   ,7.872   ,4.424   ,-0.919   ,7.872   ,4.06   ,-0.996   ,7.7   ,4.079   ,-0.9   ,7.795   ,4.041   ,-0.67   ,7.968   ,4.041   ,-0.67   ,7.968   ,4.06   ,-0.747   ,8.389   ,4.06   ,-0.747   ,8.389   ,4.194   ,-0.861   ,8.6   ,4.137   ,-0.689   ,8.485   ,4.386   ,-0.919   ,8.561   ,4.386   ,-0.919   ,8.561   ,3.926   ,-0.804   ,8.351   ,3.792   ,-0.727   ,8.466   ,3.869   ,-0.689   ,9.002   ,3.869   ,-0.689   ,9.002   ,3.869   ,-0.268   ,9.27   ,4.022   ,-0.555   ,9.098   ,4.06   ,-0.708   ,9.155   ,4.06   ,-0.708   ,9.155   ,3.754   ,-0.517   ,8.983   ,3.754   ,-0.517   ,8.983   ,3.505   ,-0.459   ,9.136   ,3.102   ,-0.459   ,9.232   ,3.102   ,-0.459   ,9.232   ,2.585   ,-0.038   ,8.964   ,2.604   ,-0.134   ,8.657   ,2.355   ,-1.072   ,8.581   ,2.355   ,-1.072   ,8.581   ,2.279   ,-1.513   ,8.887   ,2.279   ,-1.513   ,8.887   ,2.49   ,-1.551   ,9.174   ,2.49   ,-1.551   ,9.174   ,2.873   ,-1.359   ,9.251   ,2.873   ,-1.359   ,9.251   ,3.007   ,-0.708   ,9.73   ,3.141   ,-0.785   ,9.883   ,3.122   ,-1.245   ,9.921   ,3.122   ,-1.245   ,9.921   ,2.892   ,-1.302   ,9.921   ,2.892   ,-1.302   ,9.921   ,2.681   ,-1.551   ,9.768   ,2.547   ,-1.57   ,9.443   ,2.547   ,-1.57   ,9.443   ,2.413   ,-1.666   ,8.887   ,2.126   ,-1.398   ,8.868   ,1.896   ,-1.34   ,8.906   ,1.896   ,-1.34   ,8.906   ,1.915   ,-1.589   ,8.753   ,1.915   ,-1.589   ,8.753   ,2.068   ,-1.417   ,9.059   ,2.451   ,-0.766   ,8.983   ,2.451   ,-0.766   ,8.983   ,2.834   ,-0.134   ,8.696   ,2.968   ,-0.402   ,8.657   ,2.758   ,-1.015   ,8.83   ,2.758   ,-1.015   ,8.83   ,2.7   ,-1.57   ,9.308   ,2.7   ,-1.57   ,9.308   ,2.47   ,-1.8   ,9.385   ,2.528   ,-1.57   ,9.557   ,2.528   ,-1.57   ,9.557   ,2.719   ,-1.359   ,10.036   ,2.796   ,-1.072   ,9.902   ,2.777   ,-0.536   ,9.787   ,2.777   ,-0.536   ,9.787   ,2.681   ,-0.268   ,9.711   ,2.375   ,0.019   ,9.538   ,2.221   ,-0.076   ,9.289   ,2.221   ,-0.076   ,9.289   ,1.953   ,0.038   ,9.711   ,1.8   ,0.038   ,10.477   ,1.953   ,-0.191   ,10.496   ,1.953   ,-0.191   ,10.496   ,2.528   ,0.153   ,11.741   ,2.509   ,0.172   ,12.258   ,2.509   ,0.172   ,12.258   ,2.394   ,0.153   ,11.281   ,2.394   ,0.153   ,11.281   ,1.953   ,0.536   ,9.73   ,1.628   ,0.842   ,9.117   ,1.245   ,0.689   ,9.577   ,1.245   ,0.689   ,9.577   ,0.938   ,0.536   ,9.826   ,0.938   ,0.536   ,9.826   ,0.363   ,1.015   ,9.347   ,0.249   ,0.881   ,9.328   ,0.249   ,0.881   ,9.328   ,0.287   ,0.363   ,9.615   ,0.478   ,-0.421   ,9.921   ,0.957   ,-1.877   ,10.324   ,0.957   ,-1.877   ,10.324   ,1.455   ,-2.528   ,10.822   ,1.455   ,-2.528   ,10.822   ,1.896   ,-2.068   ,11.339   ,2.049   ,-1.379   ,10.266   ,2.049   ,-1.379   ,10.266   ,1.666   ,-0.268   ,9.328   ,1.034   ,-0.095   ,9.462   ,0.593   ,-0.249   ,9.385   ,0.593   ,-0.249   ,9.385   ,0.632   ,-0.766   ,9.557   ,0.747   ,-1.513   ,9.96   ,0.747   ,-1.513   ,9.96   ,0.9   ,-1.723   ,10.419   ,0.9   ,-1.723   ,10.419   ,0.517   ,-0.383   ,10.726   ,0.517   ,0.019   ,9.634   ,-0.249   ,-0.076   ,10.075   ,-0.249   ,-0.076   ,10.075   ,0.325   ,-0.076   ,9.462   ,0.804   ,-0.249   ,9.596   ,0.727   ,-0.172   ,9.845   ,0.727   ,-0.172   ,9.845   ,-0.268   ,-0.076   ,10.439   ,-1.206   ,1.245   ,9.653   ,-1.647   ,0.555   ,9.653   ,-1.647   ,0.555   ,9.653   ,0.612   ,-0.019   ,9.538   ,-0.306   ,0.153   ,9.864   ,-0.153   ,0.114   ,9.711   ,-0.153   ,0.114   ,9.711   ,0.0   ,0.076   ,9.902   ,0.0   ,0.076   ,9.902   ,-0.134   ,0.076   ,9.807   ,-0.134   ,0.076   ,9.807   ,-0.095   ,0.114   ,9.73   ,-0.095   ,0.114   ,9.73   ,-0.057   ,0.076   ,9.845   ,-0.057   ,0.076   ,9.845   ,-0.114   ,0.019   ,9.768   ,-0.114   ,0.019   ,9.768   ,-0.076   ,0.038   ,9.787   ,-0.057   ,0.095   ,9.864   ,-0.095   ,0.057   ,9.826   ,-0.095   ,0.057   ,9.826   ,-0.076   ,0.076   ,9.787   ,-0.076   ,0.076   ,9.787   ,-0.076   ,0.057   ,9.768   ,-0.076   ,0.057   ,9.787   ,-0.076   ,0.019   ,9.807   ,-0.076   ,-0.076   ,8.753   ,0.057   ,0.421   ,11.358   ,0.057   ,0.421   ,11.358   ,-0.268   ,-0.383   ,7.527   ,-0.038   ,0.114   ,9.749   ,-0.038   ,0.114   ,9.749   ,-0.038   ,0.402   ,11.052   ,-0.038   ,0.402   ,11.052   ,-0.172   ,-0.153   ,8.945   ,-0.038   ,0.229   ,10.496   ,-0.038   ,0.229   ,10.496   ,-0.095   ,-0.019   ,9.251   ,-0.095   ,-0.019   ,9.251   ,-0.114   ,0.0   ,9.73   ,-0.076   ,0.134   ,9.749   ,-0.095   ,0.019   ,9.787   ,-0.095   ,0.019   ,9.787   ,-0.114   ,0.095   ,9.672   ,-0.057   ,0.019   ,9.768   ,-0.076   ,0.076   ,9.768   ,-0.076   ,0.076   ,9.768   ,-0.095   ,0.057   ,9.711   ,-0.095   ,0.057   ,9.711   ,-0.076   ,0.076   ,9.768   ,-0.076   ,0.057   ,9.692   ,-0.076   ,0.057   ,9.692   ,-0.095   ,0.057   ,9.787   ,-0.095   ,0.076   ,9.787   ,-0.134   ,0.076   ,9.826   ,-0.076   ,0.038   ,9.749   ,-0.076   ,0.038   ,9.749   ,-0.076   ,0.076   ,9.826   ,-0.076   ,0.076   ,9.826   ,-0.076   ,0.076   ,9.749   ,-0.076   ,0.076   ,9.749   ,-0.076   ,0.057   ,9.807   ,-0.076   ,0.057   ,9.768   ,-0.095   ,0.076   ,9.826   ,-0.095   ,0.076   ,9.826   ,-0.076   ,0.038   ,9.768   ,-0.076   ,0.095   ,9.768   ,-0.076   ,0.095   ,9.768   ,-0.057   ,0.057   ,9.807   ,-0.057   ,0.057   ,9.807   ,-0.095   ,0.076   ,9.787   ,-0.095   ,0.076   ,9.749   ,-0.057   ,0.038   ,9.768   ,-0.095   ,0.076   ,9.787   ,-0.095   ,0.076   ,9.787   ,-0.076   ,0.057   ,9.749   ,-0.095   ,0.095   ,9.807   ,-0.095   ,0.095   ,9.807   ,-0.057   ,0.076   ,9.749   ,-0.095   ,0.095   ,9.787   ,-0.076   ,0.076   ,9.768   ,-0.076   ,0.076   ,9.768   ,-0.095   ,0.057   ,9.807   ,-0.095   ,0.057   ,9.807   ,-0.095   ,0.057   ,9.749   ,-0.095   ,0.095   ,9.826   ,-0.095   ,0.095   ,9.826   ,-0.076   ,0.057   ,9.768   ,-0.095   ,0.095   ,9.787   ,-0.095   ,0.057   ,9.768   ,-0.095   ,0.057   ,9.768   ,-0.076   ,0.076   ,9.845   ,-0.095   ,0.057   ,9.73   ,-0.076   ,0.038   ,9.807   ,-0.076   ,0.038   ,9.807   ,-0.095   ,0.076   ,9.73   ,-0.095   ,0.076   ,9.768   ,-0.095   ,0.076   ,9.768   ,-0.114   ,0.076   ,9.768   ,-0.114   ,0.076   ,9.768   ,-0.057   ,0.076   ,9.807   ,-0.057   ,0.076   ,9.807   ,-0.076   ,0.057   ,9.73   ,-0.095   ,0.095   ,9.768   ,-0.095   ,0.095   ,9.768   ,-0.076   ,0.076   ,9.73   ,-0.095   ,0.076   ,9.768   ,-0.114   ,0.076   ,9.711   ,-0.114   ,0.076   ,9.711   ,-0.076   ,0.019   ,9.749   ,-0.076   ,0.057   ,9.749   ,-0.095   ,0.057   ,9.768   ,-0.095   ,0.057   ,9.768   ,-0.076   ,0.057   ,9.787   ,-0.076   ,0.057   ,9.787   ,-0.095   ,0.057   ,9.73   ,-0.076   ,0.057   ,9.768   ,-0.076   ,0.057   ,9.768   ,-0.095   ,0.076   ,9.749   ,-0.076   ,0.057   ,9.768   ,-0.076   ,0.057   ,9.768   ,-0.114   ,0.057   ,9.749   ,-0.095   ,0.076   ,9.768   ,-0.095   ,0.076   ,9.749   ,-0.076   ,0.076   ,9.768   ,-0.076   ,0.076   ,9.768   ,-0.076   ,0.057   ,9.749   ,-0.076   ,0.076   ,9.768   ,-0.076   ,0.076   ,9.768   ,-0.076   ,0.076   ,9.768   ,-0.095   ,0.076   ,9.807   ,-0.076   ,0.076   ,9.768   ,-0.095   ,0.057   ,9.787   ,-0.095   ,0.057   ,9.787   ,-0.076   ,0.095   ,9.807   ,-0.076   ,0.095   ,9.768   ,-0.076   ,0.095   ,9.768   ,-0.057   ,0.057   ,9.787   ,-0.057   ,0.057   ,9.787   ,-0.076   ,0.057   ,9.749   ,-0.114   ,0.095   ,9.979   ,-0.114   ,0.095   ,9.979   ,-0.076   ,0.038   ,9.538   ,-0.076   ,0.038   ,9.538   ,-0.095   ,0.038   ,9.692   ,-0.114   ,0.114   ,9.921   ,-0.076   ,0.038   ,9.692   ,-0.076   ,0.038   ,9.692   ,-0.095   ,0.114   ,9.96   ,-0.095   ,0.057   ,9.787   ,-0.095   ,0.057   ,9.787   ,-0.095   ,0.057   ,9.807   ,-0.095   ,0.057   ,9.807   ,-0.095   ,0.057   ,9.749   ,-0.095   ,0.057   ,9.749   ,-0.095   ,0.076   ,9.807   ,-0.095   ,0.057   ,9.73   ,-0.095   ,0.057   ,9.807   ,-0.095   ,0.076   ,9.73   ,-0.095   ,0.057   ,9.787   ,-0.076   ,0.057   ,9.768   ,-0.076   ,0.057   ,9.768   ,-0.134   ,0.057   ,9.787   ,-0.095   ,0.038   ,9.768   ,-0.095   ,0.038   ,9.768   ,-0.076   ,0.076   ,9.768   ,-0.076   ,0.076   ,9.768   ,-0.095   ,0.057   ,9.787   ,-0.095   ,0.076   ,9.787   ,-0.095   ,0.038   ,9.749   ,-0.095   ,0.076   ,9.768   ,-0.095   ,0.076   ,9.768   ,-0.114   ,0.076   ,9.768   ,-0.114   ,0.076   ,9.768   ,-0.095   ,0.057   ,9.73   ,-0.076   ,0.057   ,9.768   ,-0.076   ,0.057   ,9.768   ,-0.114   ,0.057   ,9.787   ,-0.114   ,0.057   ,9.787   ,-0.057   ,0.076   ,9.768   ,-0.076   ,0.038   ,9.787   ,-0.076   ,0.038   ,9.787   ,-0.076   ,0.057   ,9.749   ,-0.076   ,0.057   ,9.749   ,-0.076   ,0.057   ,9.749   ,-0.076   ,0.076   ,9.787   ,-0.076   ,0.057   ,9.768   ,-0.076   ,0.057   ,9.768   ,-0.095   ,0.057   ,9.787   ,-0.134   ,0.076   ,9.787   ,-0.134   ,0.076   ,9.787   ,-0.095   ,0.076   ,9.768   ,-0.095   ,0.076   ,9.768   ,-0.076   ,0.038   ,9.73   ,-0.076   ,0.038   ,9.73   ,-0.095   ,0.057   ,9.768   ,-0.114   ,0.076   ,9.749   ,-0.095   ,0.057   ,9.768   ,-0.114   ,0.057   ,9.787   ,-0.076   ,0.057   ,9.768   ,-0.076   ,0.057   ,9.768   ,-0.095   ,0.076   ,9.787   ,-0.095   ,0.076   ,9.787   ,-0.095   ,0.076   ,9.787   ,-0.076   ,0.038   ,9.787   ,-0.114   ,0.057   ,9.787   ,-0.114   ,0.057   ,9.787   ,-0.076   ,0.076   ,9.787   ,-0.057   ,0.095   ,9.749   ,-0.057   ,0.095   ,9.749   ,-0.095   ,0.057   ,9.768   ,-0.095   ,0.076   ,9.787   ,-0.076   ,0.057   ,9.768   ,-0.076   ,0.057   ,9.768   ,-0.076   ,0.038   ,9.807   ,-0.076   ,0.038   ,9.807   ,-0.076   ,0.076   ,9.768   ,-0.095   ,0.057   ,9.807   ,-0.095   ,0.057   ,9.807   ,-0.076   ,0.057   ,9.749   ,-0.095   ,0.057   ,9.807   ,-0.095   ,0.057   ,9.807   ,-0.095   ,0.076   ,9.768   ,-0.076   ,0.076   ,9.768   ,-0.076   ,0.057   ,9.768   ,-0.076   ,0.057   ,9.768   ,-0.057   ,0.076   ,9.768   ,-0.076   ,0.057   ,9.787   ,-0.076   ,0.057   ,9.787   ,-0.076   ,0.038   ,9.768   ,-0.114   ,0.076   ,9.787   ,-0.114   ,0.076   ,9.787   ,-0.095   ,0.057   ,9.768   ,-0.095   ,0.038   ,9.787   ,-0.114   ,0.057   ,9.749   ,-0.114   ,0.057   ,9.749   ,-0.095   ,0.057   ,9.787   ,-0.095   ,0.076   ,9.749   ,-0.057   ,0.076   ,9.768   ,-0.057   ,0.076   ,9.768   ,-0.076   ,0.057   ,9.787   ,-0.076   ,0.057   ,9.787   ,-0.076   ,0.057   ,9.787   ,-0.095   ,0.057   ,9.768   ,-0.095   ,0.057   ,9.768   ,-0.095   ,0.076   ,9.768   ,-0.095   ,0.076   ,9.749   ,-0.095   ,0.076   ,9.749   ,-0.057   ,0.076   ,9.787   ,-0.076   ,0.057   ,9.768   ,-0.095   ,0.076   ,9.807   ,-0.076   ,0.057   ,9.749   ,-0.076   ,0.057   ,9.749   ,-0.057   ,0.057   ,9.787   ,-0.095   ,0.076   ,9.749   ,-0.057   ,0.114   ,9.787   ,-0.057   ,0.114   ,9.787   ,-0.095   ,0.038   ,9.768   ,-0.095   ,0.038   ,9.768   ,-0.095   ,0.019   ,9.768   ,-0.095   ,0.076   ,9.787   ,-0.095   ,0.076   ,9.787   ,-0.095   ,0.038   ,9.768   ,-0.076   ,0.057   ,9.749   ,-0.076   ,0.057   ,9.768   ,-0.076   ,0.057   ,9.768   ,-0.095   ,0.057   ,9.768   ,-0.095   ,0.057   ,9.768   ,-0.114   ,0.057   ,9.749   ,-0.114   ,0.057   ,9.787   ,-0.114   ,0.057   ,9.787   ,-1.11   ,3.562   ,6.704   ,0.498   ,-2.183   ,11.339   ,-0.402   ,-0.21   ,10.247   ,-0.402   ,-0.21   ,10.247   ,-0.287   ,0.402   ,9.404   ,-0.287   ,0.402   ,9.404   ,0.114   ,-0.114   ,10.094   ,0.0   ,0.019   ,9.941   ,0.0   ,0.019   ,9.941   ,-0.21   ,0.229   ,9.5   ,-0.229   ,0.249   ,9.289   ,0.019   ,0.134   ,9.921   ,0.019   ,0.134   ,9.921   ,-0.038   ,0.057   ,9.768   ,-0.038   ,0.057   ,9.768   ,-0.172   ,0.076   ,9.711   ,0.0   ,0.019   ,9.845   ,0.0   ,0.019   ,9.845   ,-0.134   ,0.057   ,9.73   ,-0.114   ,0.038   ,9.768   ,-0.095   ,0.057   ,9.807   ,-0.095   ,0.057   ,9.807   ,-0.114   ,0.057   ,9.73   ,-0.076   ,0.057   ,9.787   ,-0.076   ,0.057   ,9.787   ,-0.996   ,2.911   ,5.19   ,-0.996   ,2.911   ,5.19   ,0.804   ,-1.628   ,9.787   ,0.019   ,-0.172   ,9.883   ,0.019   ,-0.172   ,9.883   ,-0.153   ,-0.229   ,9.826   ,-0.153   ,-0.229   ,9.826   ,0.249   ,-0.229   ,10.132   ,0.249   ,-0.229   ,10.132   ,-0.076   ,-0.114   ,9.998   ,-0.076   ,-0.114   ,9.998   ,-0.229   ,0.134   ,9.672   ,-0.229   ,0.21   ,9.289   ,-0.114   ,-0.21   ,9.998   ,-0.057   ,0.0   ,9.749   ,-0.057   ,0.0   ,9.749   ,-0.172   ,0.038   ,9.787   ,-0.095   ,0.057   ,9.768   ,-0.095   ,0.057   ,9.768   ,-0.095   ,0.057   ,9.768   ,-0.095   ,0.057   ,9.768   ,-0.095   ,0.057   ,9.768   ,-0.095   ,0.057   ,9.768   ,-0.095   ,0.057   ,9.768   ,-0.095   ,0.057   ,9.768   ,-0.095   ,0.057   ,9.768   ,-0.095   ,0.057   ,9.768   ,-0.095   ,0.057   ,9.768   ,-0.095   ,0.057   ,9.768   ,-0.095   ,0.057   ,9.768   ,-0.095   ,0.057   ,9.768   ,-0.095   ,0.057   ,9.768   ,-0.095   ,0.057   ,9.768   ,-0.095   ,0.057   ,9.768   ,-0.095   ,0.057   ,9.768   ,-0.095   ,0.057   ,9.768   ,-0.095   ,0.057   ,9.768   ,-0.095   ,0.057   ,9.768   ,-0.095   ,0.057   ,9.768   ,-0.095   ,0.057   ,9.768   ,-0.095   ,0.057   ,9.768   ,-0.095   ,0.057   ,9.768   ,-0.095   ,0.057   ,9.768   ,-0.095   ,0.057   ,9.768   ,-0.095   ,0.057   ,9.768   ,-0.095   ,0.057   ,9.768   ,-0.095   ,0.057   ,9.768   ,-0.095   ,0.057   ,9.768   ,-0.095   ,0.057   ,9.768   ,-0.095   ,0.057   ,9.768   ,-0.095   ,0.057   ,9.768   ,-0.095   ,0.057   ,9.768   ,-0.095   ,0.057   ,9.768   ,-0.095   ,0.057   ,9.768   ,-0.095   ,0.057   ,9.768   ,-0.095   ,0.057   ,9.768   ,-0.095   ,0.057   ,9.768   ,-0.095   ,0.057   ,9.768   ,-0.095   ,0.038   ,9.768   ,-0.114   ,0.038   ,9.787   ,-0.114   ,0.038   ,9.787   ,-0.095   ,0.057   ,9.787   ,-0.095   ,0.038   ,9.768   ,-0.095   ,0.038   ,9.768   ,-0.114   ,0.038   ,9.787   ,-0.095   ,0.038   ,9.787   ,-0.095   ,0.038   ,9.787   ,-0.095   ,0.038   ,9.768   ,-0.114   ,0.057   ,9.807   ,-0.114   ,0.057   ,9.807   ,-0.076   ,0.038   ,9.768   ,-0.076   ,0.038   ,9.768   ,-0.114   ,0.019   ,9.768   ,-0.114   ,0.019   ,9.768   ,-0.114   ,0.038   ,9.749   ,-0.076   ,0.057   ,9.768   ,-0.076   ,0.057   ,9.768   ,-0.114   ,0.057   ,9.807   ,-0.095   ,0.076   ,9.768   ,-0.134   ,0.038   ,9.787   ,-0.134   ,0.038   ,9.787   ,-0.095   ,0.038   ,9.787   ,-0.134   ,0.038   ,9.749   ,-0.076   ,0.019   ,9.787   ,-0.076   ,0.019   ,9.787   ,-0.114   ,0.038   ,9.768   ,-0.114   ,0.076   ,9.768   ,-0.076   ,0.038   ,9.768   ,-0.095   ,0.038   ,9.768   ,-0.095   ,0.038   ,9.768   ,-0.076   ,0.038   ,9.787   ,-0.153   ,0.057   ,9.787   ,-0.153   ,0.057   ,9.787   ,-0.114   ,0.038   ,9.768   ,-0.076   ,0.057   ,9.787   ,-0.114   ,0.038   ,9.787   ,-0.114   ,0.038   ,9.768   ,-0.114   ,0.038   ,9.768   ,-0.134   ,0.038   ,9.768   ,-0.134   ,0.038   ,9.768   ,-0.076   ,0.019   ,9.768   ,-0.095   ,0.038   ,9.787   ,-0.095   ,0.038   ,9.787   ,-0.134   ,0.057   ,9.787   ,-0.134   ,0.057   ,9.787   ,-0.114   ,0.038   ,9.787   ,-0.114   ,0.038   ,9.787   ,-0.076   ,0.038   ,9.768   ,-0.076   ,0.038   ,9.768   ,-0.095   ,0.057   ,9.749   ,-0.095   ,0.057   ,9.787   ,-0.095   ,0.057   ,9.787   ,-0.095   ,0.038   ,9.749   ,-0.095   ,0.038   ,9.768   ,-0.095   ,0.0   ,9.787   ,-0.095   ,0.0   ,9.787   ,-0.114   ,0.057   ,9.787   ,-0.114   ,0.057   ,9.787   ,-0.114   ,0.057   ,9.787   ,-0.114   ,0.038   ,9.787   ,-0.114   ,0.038   ,9.787   ,-0.095   ,0.057   ,9.787   ,-0.095   ,0.038   ,9.73   ,-0.095   ,0.038   ,9.73   ,-0.095   ,0.038   ,9.768   ,-0.076   ,0.057   ,9.768   ,-0.114   ,0.038   ,9.787   ,-0.114   ,0.038   ,9.768   ,-0.114   ,0.038   ,9.768   ,-0.095   ,0.057   ,9.768   ,-0.095   ,0.057   ,9.768   ,-0.114   ,0.057   ,9.787   ,-0.095   ,0.057   ,9.768   ,-0.095   ,0.057   ,9.768   ,-0.095   ,0.057   ,9.787   ,-0.095   ,0.076   ,9.749   ,-0.095   ,0.038   ,9.787   ,-0.095   ,0.038   ,9.787   ,-0.095   ,0.057   ,9.768   ,-0.076   ,0.057   ,9.768   ,-0.076   ,0.057   ,9.768   ,-0.095   ,0.057   ,9.749   ,-0.114   ,0.057   ,9.787   ,-0.114   ,0.057   ,9.787   ,-0.095   ,0.076   ,9.768   ,-0.095   ,0.038   ,9.807   ,-0.095   ,0.057   ,9.787   ,-0.095   ,0.057   ,9.787   ,-0.095   ,0.038   ,9.787   ,-0.095   ,0.038   ,9.787   ,-0.076   ,0.076   ,9.787   ,-0.076   ,0.076   ,9.787   ,-0.095   ,0.057   ,9.768   ,-0.038   ,0.019   ,9.787   ,-0.038   ,0.019   ,9.787   ,-0.057   ,0.019   ,9.768   ,-0.057   ,0.019   ,9.768   ,-0.057   ,0.0   ,9.864   ,0.076   ,-0.038   ,10.036   ,-0.325   ,-3.907   ,14.614   ,-0.325   ,-3.907   ,14.614   ,0.517   ,1.225   ,8.791   ,-0.057   ,0.325   ,10.075   ,-0.057   ,0.325   ,10.075   ,0.134   ,-0.21   ,10.17   ,0.191   ,-0.153   ,9.979   ,0.134   ,-0.076   ,10.075   ,0.134   ,-0.076   ,10.075   ,-0.249   ,0.114   ,9.653   ,-0.134   ,0.402   ,9.308   ,-0.153   ,-0.153   ,10.056   ,-0.153   ,0.114   ,9.634   ,-0.153   ,0.114   ,9.634   ,-0.095   ,0.114   ,9.768   ,-0.095   ,0.114   ,9.768   ,-0.134   ,0.0   ,9.807   ,-0.095   ,0.038   ,9.749   ,-0.095   ,0.038   ,9.749   ,-0.076   ,0.019   ,9.826   ,-0.076   ,0.019   ,9.826   ,-0.134   ,0.057   ,9.749   ,-0.134   ,0.057   ,9.749   ,-0.114   ,0.038   ,9.826   ,-0.114   ,-0.038   ,9.692   ,-1.359   ,0.996   ,11.224   ,0.67   ,1.321   ,9.174   ,0.67   ,1.321   ,9.174   ,-1.149   ,0.402   ,9.481   ,-1.149   ,0.402   ,9.481   ,0.612   ,-0.134   ,10.305   ,-0.095   ,-0.095   ,9.538   ,-0.019   ,-0.095   ,9.864   ,-0.019   ,-0.095   ,9.864   ,0.095   ,-0.114   ,9.998   ,0.095   ,-0.114   ,9.998   ,-0.134   ,0.076   ,9.807   ,-0.21   ,0.191   ,9.538   ,-0.21   ,0.191   ,9.538   ,-0.057   ,0.612   ,9.5   ,0.019   ,-0.478   ,9.653   ,-0.191   ,0.153   ,9.692   ,-0.191   ,0.153   ,9.692   ,-0.076   ,0.095   ,9.826   ,-0.076   ,0.095   ,9.826   ,-0.095   ,0.0   ,9.787   ,-0.095   ,0.057   ,9.692   ,-0.095   ,0.057   ,9.692   ,-0.095   ,0.076   ,9.864   ,-0.095   ,0.0   ,9.615   ,-1.857   ,-0.191   ,11.875   ,-1.857   ,-0.191   ,11.875   ,2.317   ,-0.191   ,10.266   ,2.317   ,-0.191   ,10.266   ,0.9   ,0.153   ,10.343   ,0.9   ,0.153   ,10.343   ,-0.593   ,-0.21   ,9.404   ,-0.593   ,-0.21   ,9.404   ,-0.344   ,0.363   ,9.826   ,0.306   ,-0.038   ,9.998   ,-0.038   ,-0.459   ,9.557   ,-0.038   ,-0.459   ,9.557   ,0.191   ,-1.034   ,9.883   ,0.191   ,-1.034   ,9.883   ,0.785   ,-1.723   ,10.056   ,1.379   ,-1.915   ,10.19   ,1.704   ,-1.359   ,10.4   ,1.857   ,0.44   ,10.898   ,1.857   ,0.44   ,10.898   ,1.053   ,1.762   ,11.454   ,1.053   ,1.762   ,11.454   ,0.134   ,2.087   ,12.067   ,0.574   ,1.819   ,11.913   ,0.574   ,1.819   ,11.913   ,2.355   ,0.651   ,11.626   ,3.715   ,-0.383   ,11.626   ,6.167   ,-1.436   ,9.117   ,6.32   ,-1.11   ,6.704   ,6.11   ,0.249   ,8.217   ,6.11   ,0.249   ,8.217   ,7.278   ,0.517   ,10.305   ,7.278   ,0.517   ,10.305   ,7.451   ,0.785   ,12.68   ,7.451   ,0.785   ,12.68   ,7.987   ,1.647   ,11.013   ,9.194   ,1.455   ,9.002   ,9.672   ,1.57   ,8.715   ,9.672   ,1.57   ,8.715   ,10.094   ,0.363   ,7.393   ,10.094   ,0.363   ,7.393   ,9.672   ,0.0   ,5.497   ,9.672   ,0.0   ,5.497   ,8.734   ,0.249   ,4.443   ,8.37   ,0.229   ,4.022   ,8.37   ,0.229   ,4.022   ,7.067   ,2.221   ,3.16   ,7.067   ,2.221   ,3.16   ,5.65   ,3.332   ,2.911   ,5.65   ,3.332   ,2.911   ,5.056   ,3.792   ,1.723   ,5.056   ,3.792   ,1.723   ,4.635   ,3.907   ,1.743   ,5.037   ,3.352   ,2.049   ,5.037   ,3.352   ,2.049   ,4.941   ,3.275   ,1.762   ,4.75   ,3.562   ,1.666   ,4.635   ,3.85   ,1.628   ,4.635   ,3.85   ,1.628   ,4.252   ,3.811   ,1.685   ,4.252   ,3.811   ,1.685   ,4.788   ,3.907   ,1.743   ,4.788   ,3.907   ,1.743   ,5.746   ,3.888   ,2.47   ,6.033   ,3.735   ,3.409   ,5.918   ,3.85   ,4.635   ,5.803   ,3.984   ,5.171   ,5.976   ,3.945   ,5.707   ,5.976   ,3.945   ,5.707   ,6.186   ,3.792   ,5.918   ,6.186   ,3.792   ,5.918   ,6.627   ,2.949   ,5.114   ,6.627   ,2.949   ,5.114   ,6.761   ,2.394   ,3.486   ,6.761   ,2.394   ,3.486   ,6.704   ,1.877   ,2.355   ,6.857   ,1.934   ,2.873   ,6.857   ,2.202   ,4.577   ,6.569   ,2.011   ,5.209   ,6.569   ,2.011   ,5.209   ,-5.65   ,10.668   ,37.714   ,-5.65   ,10.668   ,37.714   ,8.466   ,4.175   ,0.804   ,11.645   ,0.708   ,7.719   ,8.561   ,1.762   ,8.121   ,8.561   ,1.762   ,8.121   ,7.527   ,2.739   ,9.366   ,7.527   ,2.739   ,9.366   ,7.987   ,3.237   ,10.898   ,7.987   ,3.237   ,10.898   ,7.336   ,3.026   ,10.803   ,7.336   ,3.026   ,10.803   ,6.799   ,2.566   ,10.63   ,6.799   ,2.566   ,10.63   ,6.34   ,1.915   ,10.343   ,6.263   ,1.245   ,9.864   ,7.144   ,-0.459   ,10.668   ,7.144   ,-0.459   ,10.668   ,6.933   ,-0.67   ,10.783   ,6.933   ,-0.67   ,10.783   ,6.071   ,0.134   ,10.113   ,6.071   ,0.134   ,10.113   ,5.593   ,0.689   ,9.864   ,5.593   ,0.689   ,9.864   ,4.424   ,0.861   ,9.194   ,4.424   ,0.861   ,9.194   ,3.524   ,0.536   ,8.332   ,1.532   ,0.057   ,7.144   ,0.708   ,-0.383   ,6.569   ,0.708   ,-0.383   ,6.569   ,-0.095   ,-0.785   ,6.129   ,-0.095   ,-0.785   ,6.129   ,-0.689   ,-0.612   ,5.861   ,-1.11   ,0.363   ,5.497   ,-1.704   ,1.532   ,5.171   ,-3.869   ,4.29   ,4.386   ,-3.869   ,4.29   ,4.386   ,-3.447   ,5.075   ,4.348   ,-3.447   ,5.075   ,4.348   ,-3.102   ,6.282   ,4.922   ,-2.49   ,6.493   ,4.807   ,-1.896   ,6.742   ,5.956   ,-2.413   ,7.316   ,7.393   ,-2.413   ,7.316   ,7.393   ,1.11   ,6.225   ,6.091   ,1.11   ,6.225   ,6.091   ,-0.287   ,6.014   ,7.259   ,1.398   ,5.861   ,9.921   ,1.513   ,6.32   ,10.381   ,1.838   ,5.937   ,10.056   ,1.838   ,5.937   ,10.056   ,2.068   ,5.727   ,9.96   ,2.068   ,5.727   ,9.96   ,4.999   ,5.554   ,11.166   ,4.999   ,5.554   ,11.166   ,3.83   ,6.34   ,10.573   ,3.83   ,6.34   ,10.573   ,4.118   ,7.853   ,10.611   ,3.715   ,8.6   ,11.435   ,3.198   ,7.316   ,9.481   ,2.681   ,6.531   ,7.451   ,2.681   ,6.531   ,7.451   ,2.585   ,5.497   ,5.822   ,2.585   ,5.497   ,5.822   ,2.566   ,5.056   ,5.075   ,2.566   ,5.056   ,5.075   ,2.26   ,4.903   ,4.213   ,1.225   ,4.424   ,3.409   ,1.034   ,2.834   ,3.217   ,1.034   ,2.834   ,3.217   ,0.996   ,3.256   ,3.945   ,0.996   ,3.256   ,3.945   ,1.034   ,4.846   ,6.665   ,1.034   ,4.846   ,6.665   ,1.513   ,6.205   ,7.642   ,1.781   ,8.217   ,8.312   ,2.049   ,8.063   ,9.04   ,2.049   ,8.063   ,9.04   ,1.781   ,5.688   ,10.343   ,1.781   ,5.688   ,10.343   ,1.187   ,4.673   ,9.845   ,1.187   ,4.673   ,9.845   ,1.053   ,4.501   ,8.638   ,1.11   ,4.482   ,7.527   ,2.183   ,4.807   ,6.378   ,2.375   ,5.152   ,7.508   ,2.375   ,5.152   ,7.508   ,2.03   ,5.631   ,8.561   ,2.03   ,5.631   ,8.561   ,1.494   ,5.918   ,8.217   ,0.785   ,5.65   ,7.949   ,0.325   ,5.344   ,7.757   ,-0.076   ,5.209   ,7.642   ,-0.191   ,5.286   ,7.757   ,-0.191   ,5.286   ,7.757   ,-0.21   ,5.516   ,7.527   ,-0.21   ,5.516   ,7.527   ,-0.153   ,5.593   ,7.527   ,-0.095   ,5.784   ,7.604   ,-0.095   ,5.784   ,7.604   ,-0.057   ,5.995   ,7.7   ,-0.057   ,5.995   ,7.7   ,-0.268   ,6.052   ,7.776   ,-0.421   ,5.803   ,8.102   ,-0.555   ,5.669   ,8.293   ,-0.344   ,5.631   ,7.7   ,-0.344   ,5.631   ,7.7   ,-0.019   ,5.324   ,7.048   ,-0.019   ,5.324   ,7.048   ,0.153   ,5.209   ,6.646   ,0.153   ,5.209   ,6.646   ,0.134   ,5.363   ,6.627   ,-0.038   ,5.612   ,7.336   ,0.038   ,5.937   ,7.565   ,0.038   ,5.937   ,7.565   ,0.057   ,5.899   ,7.546   ,0.057   ,5.899   ,7.546   ,0.172   ,5.669   ,7.604   ,0.172   ,5.669   ,7.604   ,0.172   ,5.439   ,7.795   ,0.057   ,5.171   ,8.044   ,0.134   ,5.171   ,8.255   ,0.134   ,5.171   ,8.255   ,0.287   ,5.171   ,8.427   ,0.287   ,5.171   ,8.427   ,0.229   ,5.324   ,8.485   ,0.191   ,5.305   ,8.351   ,0.9   ,4.846   ,5.344   ,-1.168   ,5.727   ,8.542   ,-1.206   ,5.746   ,7.661   ,-1.206   ,5.746   ,7.661   ,-0.823   ,5.803   ,8.102   ,-0.823   ,5.803   ,8.102   ,-0.747   ,6.244   ,8.044   ,-0.747   ,6.244   ,8.044   ,-0.229   ,6.378   ,7.91   ,0.038   ,6.167   ,7.719   ,0.536   ,5.114   ,7.163   ,0.306   ,5.018   ,7.048   ,0.287   ,5.305   ,7.029   ,0.287   ,5.305   ,7.029   ,0.019   ,5.727   ,7.106   ,0.019   ,5.727   ,7.106   ,-0.363   ,5.803   ,7.757   ,-0.632   ,5.861   ,7.872   ,-0.842   ,5.956   ,7.585   ,-0.555   ,6.033   ,8.063   ,-0.555   ,6.033   ,8.063   ,0.172   ,5.88   ,5.535   ,0.172   ,5.88   ,5.535   ,-0.708   ,6.225   ,6.838   ,-0.708   ,6.225   ,6.838   ,-0.823   ,5.88   ,8.274   ,-0.823   ,5.88   ,8.274   ,-0.766   ,6.014   ,7.623   ,-0.632   ,6.493   ,7.795   ,-0.498   ,6.493   ,8.293   ,-0.498   ,6.493   ,8.293   ,-0.766   ,5.899   ,8.025   ,-0.766   ,5.899   ,8.025   ,-0.268   ,4.999   ,7.565   ,-0.268   ,4.999   ,7.565   ,0.191   ,5.209   ,6.876   ,0.172   ,5.784   ,7.221   ,0.172   ,5.784   ,7.221   ,-0.191   ,5.593   ,7.048   ,2.126   ,3.581   ,10.247   ,2.126   ,3.581   ,10.247   ,2.126   ,3.581   ,10.247   ,2.126   ,3.581   ,10.247   ,2.126   ,3.581   ,10.247   ,2.126   ,3.581   ,10.247   ,2.126   ,3.581   ,10.247   ,2.126   ,3.581   ,10.247   ,2.126   ,3.581   ,10.247   ,2.126   ,3.581   ,10.247   ,2.126   ,3.581   ,10.247   ,2.126   ,3.581   ,10.247   ,2.126   ,3.581   ,10.247   ,2.126   ,3.581   ,10.247   ,2.126   ,3.581   ,10.247   ,2.126   ,3.581   ,10.247   ,2.126   ,3.581   ,10.247   ,2.126   ,3.581   ,10.247   ,2.126   ,3.581   ,10.247   ,2.126   ,3.581   ,10.247   ,2.126   ,3.581   ,10.247   ,1.283   ,3.888   ,9.807   ,2.528   ,3.869   ,6.684   ,1.398   ,4.539   ,7.949   ,0.038   ,3.371   ,11.301   ,0.038   ,3.371   ,11.301   ,0.881   ,4.98   ,8.293   ,-1.436   ,6.148   ,6.052   ,-1.436   ,6.148   ,6.052   ,0.766   ,4.328   ,9.385   ,2.413   ,3.294   ,9.826   ,2.643   ,3.256   ,8.81   ,2.643   ,3.256   ,8.81   ,1.972   ,2.547   ,9.347   ,1.972   ,2.547   ,9.347   ,2.413   ,3.179   ,6.34   ,2.413   ,3.179   ,6.34   ,3.102   ,3.256   ,8.159   ,3.83   ,3.505   ,9.462   ,3.294   ,3.926   ,8.715   ,3.294   ,3.926   ,8.715   ,2.394   ,3.62   ,8.293   ,2.394   ,3.62   ,8.293   ,2.03   ,3.102   ,8.121   ,2.03   ,3.102   ,8.121   ,1.57   ,3.026   ,8.006   ,1.589   ,3.256   ,8.102   ,1.762   ,3.601   ,8.389   ,1.762   ,3.601   ,8.389   ,1.8   ,3.754   ,8.427   ,1.8   ,3.754   ,8.427   ,1.704   ,3.888   ,8.504   ,1.551   ,3.926   ,8.657   ,1.551   ,3.926   ,8.657   ,1.264   ,4.099   ,8.849   ,1.264   ,4.099   ,8.849   ,1.13   ,4.213   ,8.83   ,1.053   ,4.233   ,8.753   ,1.053   ,4.233   ,8.753   ,1.015   ,4.252   ,8.619   ,1.015   ,4.252   ,8.619   ,1.034   ,4.367   ,8.408   ,0.919   ,4.386   ,8.332   ,0.861   ,4.386   ,8.083   ,0.861   ,4.386   ,8.083   ,0.842   ,4.386   ,8.006   ,0.842   ,4.386   ,8.006   ,0.747   ,4.424   ,7.987   ,0.689   ,4.482   ,7.968   ,0.689   ,4.482   ,7.968   ,0.555   ,4.616   ,8.121   ,0.459   ,4.616   ,8.236   ,0.459   ,4.616   ,8.236   ,0.325   ,4.577   ,8.351   ,0.306   ,4.558   ,8.389   ,0.268   ,4.577   ,8.542   ,0.268   ,4.577   ,8.542   ,0.249   ,4.52   ,8.619   ,0.287   ,4.348   ,8.619   ,0.287   ,4.348   ,8.619   ,0.306   ,4.252   ,8.6   ,0.306   ,4.252   ,8.6   ,0.402   ,4.156   ,8.6   ,0.402   ,4.156   ,8.6   ,0.478   ,4.137   ,8.466   ,0.574   ,4.06   ,8.561   ,0.574   ,4.06   ,8.561   ,0.517   ,4.156   ,8.772   ,0.478   ,4.156   ,8.734   ,0.478   ,4.156   ,8.734   ,0.478   ,4.022   ,8.715   ,0.478   ,4.022   ,8.715   ,0.268   ,4.041   ,8.676   ,0.134   ,4.118   ,8.753   ,0.153   ,4.233   ,8.715   ,0.076   ,4.309   ,8.581   ,0.076   ,4.424   ,8.427   ,0.019   ,4.482   ,8.389   ,-0.095   ,4.577   ,8.255   ,-0.095   ,4.577   ,8.255   ,-0.134   ,4.616   ,8.217   ,-0.268   ,4.711   ,8.159   ,-0.363   ,4.75   ,8.178   ,-0.363   ,4.75   ,8.178   ,-0.555   ,4.75   ,8.121   ,-0.651   ,4.75   ,8.121   ,-0.651   ,4.75   ,8.121   ,-0.861   ,4.788   ,8.255   ,-1.015   ,4.846   ,8.236   ,-1.015   ,4.846   ,8.236   ,-1.168   ,4.865   ,8.255   ,-1.225   ,4.903   ,8.255   ,-1.302   ,4.98   ,8.312   ,-1.359   ,4.999   ,8.274   ,-1.264   ,4.96   ,8.178   ,-1.264   ,4.96   ,8.178   ,-1.13   ,4.884   ,8.178   ,-1.13   ,4.884   ,8.178   ,-0.976   ,4.846   ,8.063   ,-0.9   ,4.769   ,8.044   ,-0.9   ,4.769   ,8.044   ,-0.785   ,4.75   ,8.083   ,-0.785   ,4.75   ,8.083   ,-0.747   ,4.731   ,8.083   ,-0.708   ,4.692   ,8.198   ,-0.708   ,4.692   ,8.198   ,-0.727   ,4.731   ,8.217   ,-0.727   ,4.731   ,8.217   ,-0.823   ,4.75   ,8.293   ,-0.957   ,4.788   ,8.332   ,-1.091   ,4.884   ,8.389   ,-1.091   ,4.884   ,8.389   ,-1.11   ,4.826   ,8.37   ,-1.11   ,4.826   ,8.37   ,-1.206   ,4.826   ,8.312   ,-1.283   ,4.769   ,8.236   ,-1.283   ,4.769   ,8.236   ,-1.321   ,4.788   ,8.159   ,-1.321   ,4.788   ,8.159   ,-1.398   ,4.826   ,8.121   ,-1.474   ,4.98   ,8.102   ,-1.474   ,4.98   ,8.102   ,-1.551   ,4.999   ,7.929   ,-2.241   ,5.65   ,7.623   ,-2.241   ,5.65   ,7.623   ,-1.264   ,5.075   ,8.791   ,-1.264   ,5.075   ,8.791   ,-1.091   ,5.439   ,7.336   ,-1.091   ,5.439   ,7.336   ,-0.67   ,4.826   ,8.006   ,-1.647   ,4.98   ,7.316   ,-1.628   ,4.865   ,8.676   ,-1.647   ,4.846   ,8.332   ,-1.666   ,4.999   ,8.255   ,-1.57   ,5.075   ,8.332   ,-1.57   ,5.075   ,8.332   ,-1.647   ,5.075   ,8.178   ,-1.589   ,4.98   ,8.083   ,-1.494   ,4.941   ,8.025   ,-1.494   ,4.941   ,8.025   ,-1.302   ,4.903   ,7.968   ,-1.302   ,4.903   ,7.968   ,-1.072   ,4.922   ,7.91   ,-1.072   ,4.922   ,7.91   ,-0.823   ,4.807   ,7.814   ,-0.651   ,4.731   ,7.834   ,-0.555   ,4.692   ,7.968   ,-0.536   ,4.731   ,8.063   ,-0.536   ,4.731   ,8.063   ,-0.459   ,4.807   ,8.217   ,-0.459   ,4.807   ,8.217   ,-0.44   ,4.807   ,8.217   ,-0.459   ,4.865   ,8.255   ,-0.498   ,4.903   ,8.293   ,-0.498   ,4.903   ,8.293   ,-0.478   ,4.865   ,8.293   ,-0.478   ,4.865   ,8.293   ,-0.536   ,4.75   ,8.236   ,-0.555   ,4.635   ,8.274   ,-0.612   ,4.558   ,8.274   ,-0.555   ,4.558   ,8.274   ,-0.632   ,4.539   ,8.255   ,-0.632   ,4.539   ,8.255   ,-0.632   ,4.577   ,8.332   ,-0.632   ,4.577   ,8.332   ,-0.612   ,4.577   ,8.389   ,-0.612   ,4.558   ,8.427   ,-0.555   ,4.616   ,8.466   ,-0.555   ,4.616   ,8.466   ,-0.555   ,4.635   ,8.504   ,-0.517   ,4.673   ,8.504   ,-0.517   ,4.673   ,8.504   ,-0.44   ,4.654   ,8.408   ,-0.363   ,4.711   ,8.504   ,-0.363   ,4.711   ,8.504   ,-0.478   ,4.75   ,8.312   ,-0.632   ,4.558   ,8.198   ,-0.632   ,4.558   ,8.198   ,-0.747   ,4.577   ,8.14   ,-0.747   ,4.577   ,8.14   ,-0.689   ,4.654   ,8.14   ,-0.612   ,4.731   ,8.198   ,-0.632   ,4.75   ,8.236   ,-0.689   ,4.75   ,8.293   ,-0.766   ,4.75   ,8.332   ,-0.785   ,4.692   ,8.37   ,-0.785   ,4.692   ,8.37   ,-0.747   ,4.673   ,8.389   ,-0.747   ,4.673   ,8.389   ,-0.708   ,4.654   ,8.37   ,-0.67   ,4.692   ,8.332   ,-0.67   ,4.692   ,8.332   ,-0.536   ,4.692   ,8.312   ,-0.536   ,4.692   ,8.312   ,-0.478   ,4.692   ,8.236   ,-0.478   ,4.692   ,8.236   ,-0.459   ,4.711   ,8.217   ,-0.459   ,4.711   ,8.217   ,-0.383   ,4.711   ,8.217   ,-0.363   ,4.692   ,8.178   ,-0.363   ,4.711   ,8.236   ,-0.325   ,4.692   ,8.255   ,-0.325   ,4.692   ,8.255   ,-0.344   ,4.673   ,8.274   ,-0.402   ,4.673   ,8.312   ,-0.383   ,4.673   ,8.332   ,-0.44   ,4.654   ,8.351   ,-0.44   ,4.654   ,8.351   ,-0.459   ,4.616   ,8.332   ,-0.478   ,4.654   ,8.332   ,-0.478   ,4.654   ,8.332   ,-0.498   ,4.692   ,8.332   ,-0.478   ,4.673   ,8.312   ,-0.478   ,4.673   ,8.312   ,-0.459   ,4.673   ,8.274   ,-0.478   ,4.673   ,8.274   ,-0.44   ,4.654   ,8.236   ,-0.44   ,4.654   ,8.236   ,-0.44   ,4.673   ,8.274   ,-0.459   ,4.673   ,8.293   ,-0.459   ,4.673   ,8.293   ,-0.459   ,4.731   ,8.312   ,-0.459   ,4.731   ,8.312   ,-0.498   ,4.711   ,8.351   ,-0.44   ,4.711   ,8.351   ,-0.44   ,4.711   ,8.351   ,-0.44   ,4.711   ,8.37   ,-0.44   ,4.673   ,8.274   ,-0.402   ,4.616   ,8.293   ,-0.383   ,4.673   ,8.274   ,-0.383   ,4.673   ,8.274   ,-0.344   ,4.692   ,8.217   ,-0.287   ,4.673   ,8.255   ,-0.287   ,4.673   ,8.255   ,-0.268   ,4.673   ,8.255   ,-0.268   ,4.673   ,8.255   ,-0.249   ,4.635   ,8.274   ,-0.268   ,4.616   ,8.293   ,-0.268   ,4.616   ,8.293   ,-0.268   ,4.635   ,8.312   ,-0.268   ,4.635   ,8.312   ,-0.287   ,4.654   ,8.389   ,-0.287   ,4.654   ,8.389   ,-0.306   ,4.673   ,8.389   ,-0.306   ,4.654   ,8.37   ,-0.306   ,4.654   ,8.37   ,-0.325   ,4.654   ,8.312   ,-0.306   ,4.635   ,8.312   ,-0.306   ,4.635   ,8.312   ,-0.249   ,4.635   ,8.312   ,-0.21   ,4.616   ,8.293   ,-0.21   ,4.616   ,8.293   ,-0.249   ,4.635   ,8.274   ,-0.249   ,4.635   ,8.274   ,-0.229   ,4.654   ,8.312   ,-0.21   ,4.673   ,8.293   ,-0.21   ,4.673   ,8.293   ,-0.153   ,4.654   ,8.312   ,-0.153   ,4.654   ,8.312   ,-0.191   ,4.673   ,8.312   ,-0.191   ,4.635   ,8.293   ,-0.172   ,4.635   ,8.312   ,-0.249   ,4.673   ,8.332   ,-0.249   ,4.673   ,8.332   ,-0.21   ,4.673   ,8.37   ,-0.229   ,4.692   ,8.37   ,-0.229   ,4.692   ,8.37   ,-0.21   ,4.673   ,8.332   ,-0.21   ,4.635   ,8.293   ,-0.21   ,4.635   ,8.293   ,-0.21   ,4.635   ,8.255   ,-0.21   ,4.635   ,8.255   ,-0.229   ,4.654   ,8.274   ,-0.21   ,4.673   ,8.312   ,-0.21   ,4.673   ,8.312   ,-0.191   ,4.597   ,8.274   ,-0.191   ,4.597   ,8.274   ,-0.172   ,4.616   ,8.312   ,-0.172   ,4.635   ,8.332   ,-0.172   ,4.635   ,8.332   ,-0.153   ,4.635   ,8.389   ,-0.134   ,4.597   ,8.408   ,-0.134   ,4.597   ,8.408   ,-0.114   ,4.597   ,8.389   ,-0.172   ,4.654   ,8.408   ,-0.153   ,4.616   ,8.389   ,-0.153   ,4.616   ,8.389   ,-0.095   ,4.616   ,8.332   ,-0.095   ,4.597   ,8.312   ,-0.114   ,4.635   ,8.293   ,-0.114   ,4.635   ,8.293   ,-0.095   ,4.654   ,8.274   ,-0.095   ,4.673   ,8.255   ,-0.095   ,4.673   ,8.255   ,-0.134   ,4.654   ,8.293   ,-0.134   ,4.654   ,8.293   ,-0.172   ,4.673   ,8.293   ,-0.172   ,4.673   ,8.293   ,-0.21   ,4.654   ,8.293   ,-0.191   ,4.635   ,8.293   ,-0.191   ,4.635   ,8.293   ,-0.21   ,4.635   ,8.312   ,-0.21   ,4.635   ,8.312   ,-0.287   ,4.616   ,8.351   ,-0.287   ,4.597   ,8.37   ,-0.306   ,4.616   ,8.351   ,-0.306   ,4.616   ,8.37   ,-0.306   ,4.616   ,8.37   ,-0.306   ,4.616   ,8.332   ,-0.306   ,4.635   ,8.351   ,-0.249   ,4.635   ,8.293   ,-0.249   ,4.635   ,8.293   ,-0.268   ,4.673   ,8.293   ,-0.21   ,4.692   ,8.274   ,-0.21   ,4.692   ,8.274   ,-0.21   ,4.692   ,8.274   ,-0.172   ,4.692   ,8.293   ,-0.114   ,4.673   ,8.293   ,-0.114   ,4.692   ,8.274   ,-0.114   ,4.692   ,8.274   ,-0.095   ,4.673   ,8.293   ,-0.095   ,4.673   ,8.293   ,-0.057   ,4.711   ,8.332   ,-0.057   ,4.711   ,8.332   ,-0.057   ,4.673   ,8.332   ,0.0   ,4.692   ,8.332   ,0.0   ,4.692   ,8.332   ,0.019   ,4.635   ,8.332   ,0.0   ,4.616   ,8.293   ,0.0   ,4.597   ,8.332   ,0.0   ,4.597   ,8.332   ,-0.019   ,4.597   ,8.37   ,-0.019   ,4.616   ,8.37   ,-0.019   ,4.616   ,8.37   ,-0.057   ,4.635   ,8.37   ,-0.057   ,4.635   ,8.37   ,-0.095   ,4.654   ,8.37   ,-0.134   ,4.654   ,8.332   ,-0.114   ,4.635   ,8.332   ,-0.114   ,4.635   ,8.332   ,-0.153   ,4.654   ,8.293   ,-0.134   ,4.654   ,8.312   ,-0.172   ,4.635   ,8.274   ,-0.172   ,4.635   ,8.274   ,-0.21   ,4.654   ,8.332   ,-0.21   ,4.654   ,8.332   ,-0.21   ,4.654   ,8.351   ,-0.21   ,4.654   ,8.351   ,-0.249   ,4.654   ,8.351   ,-0.21   ,4.654   ,8.351   ,-0.21   ,4.654   ,8.351   ,-0.21   ,4.635   ,8.351   ,-0.191   ,4.635   ,8.37   ,-0.191   ,4.635   ,8.37   ,-0.153   ,4.635   ,8.332   ,-0.153   ,4.616   ,8.332   ,-0.134   ,4.597   ,8.332   ,-0.134   ,4.597   ,8.332   ,-0.114   ,4.654   ,8.312   ,-0.095   ,4.654   ,8.332   ,-0.095   ,4.673   ,8.293   ,-0.095   ,4.635   ,8.293   ,-0.095   ,4.635   ,8.293   ,-0.114   ,4.654   ,8.351   ,-0.114   ,4.654   ,8.351   ,-0.134   ,4.673   ,8.332   ,-0.134   ,4.673   ,8.332   ,-0.134   ,4.673   ,8.332   ,-0.134   ,4.673   ,8.332   ,-0.153   ,4.654   ,8.37   ,-0.153   ,4.616   ,8.332   ,-0.172   ,4.616   ,8.293   ,-0.172   ,4.616   ,8.293   ,-0.153   ,4.635   ,8.293   ,-0.114   ,4.616   ,8.274   ,-0.114   ,4.616   ,8.274   ,-0.134   ,4.654   ,8.293   ,-0.134   ,4.654   ,8.293   ,-0.114   ,4.654   ,8.332   ,-0.114   ,4.654   ,8.351   ,-0.153   ,4.654   ,8.293   ,-0.153   ,4.654   ,8.293   ,-0.095   ,4.673   ,8.312   ,-0.095   ,4.673   ,8.312   ,-0.134   ,4.635   ,8.293   ,-0.134   ,4.635   ,8.293   ,-0.114   ,4.616   ,8.293   ,-0.095   ,4.616   ,8.274   ,-0.114   ,4.654   ,8.312   ,-0.095   ,4.673   ,8.332   ,-0.095   ,4.673   ,8.332   ,-0.134   ,4.654   ,8.351   ,-0.134   ,4.654   ,8.351   ,-0.095   ,4.635   ,8.332   ,-0.153   ,4.616   ,8.332   ,-0.095   ,4.616   ,8.332   ,-0.095   ,4.616   ,8.332   ,-0.114   ,4.635   ,8.332   ,-0.095   ,4.616   ,8.332   ,-0.114   ,4.597   ,8.312   ,-0.134   ,4.635   ,8.351   ,-0.134   ,4.635   ,8.351   ,-0.134   ,4.654   ,8.351   ,-0.134   ,4.654   ,8.351   ,-0.153   ,4.616   ,8.351   ,-0.191   ,4.616   ,8.351   ,-0.191   ,4.616   ,8.351   ,-0.172   ,4.597   ,8.37   ,-0.134   ,4.577   ,8.351   ,-0.191   ,4.597   ,8.351   ,-0.191   ,4.597   ,8.351   ,-0.134   ,4.597   ,8.37   ,-0.134   ,4.616   ,8.37   ,-0.134   ,4.616   ,8.37   ,-0.134   ,4.616   ,8.37   ,-0.134   ,4.616   ,8.332   ,-0.153   ,4.616   ,8.351   ,-0.191   ,4.654   ,8.312   ,-0.191   ,4.654   ,8.312   ,-0.21   ,4.635   ,8.351   ,-0.21   ,4.635   ,8.351   ,-0.249   ,4.635   ,8.293   ,-0.249   ,4.635   ,8.351   ,-0.249   ,4.635   ,8.351   ,-0.325   ,4.616   ,8.408   ,-0.325   ,4.616   ,8.408   ,-0.306   ,4.577   ,8.351   ,-0.325   ,4.577   ,8.408   ,-0.325   ,4.577   ,8.408   ,-0.325   ,4.616   ,8.408   ,-0.249   ,4.616   ,8.408   ,-0.21   ,4.597   ,8.351   ,-0.21   ,4.597   ,8.351   ,-0.191   ,4.635   ,8.332   ,-0.191   ,4.635   ,8.332   ,-0.172   ,4.577   ,8.274   ,-0.172   ,4.577   ,8.274   ,-0.134   ,4.577   ,8.293   ,-0.134   ,4.577   ,8.293   ,-0.191   ,4.577   ,8.37   ,-0.191   ,4.597   ,8.332   ,-0.134   ,4.577   ,8.408   ,-0.134   ,4.577   ,8.408   ,-0.153   ,4.539   ,8.466   ,-0.153   ,4.539   ,8.466   ,-0.134   ,4.558   ,8.447   ,-0.153   ,4.539   ,8.408   ,-0.134   ,4.616   ,8.447   ,-0.134   ,4.597   ,8.408   ,-0.134   ,4.597   ,8.408   ,-0.095   ,4.616   ,8.351   ,-0.095   ,4.616   ,8.351   ,-0.114   ,4.577   ,8.332   ,-0.114   ,4.635   ,8.332   ,-0.134   ,4.616   ,8.351   ,-0.134   ,4.654   ,8.332   ,-0.134   ,4.654   ,8.332   ,-0.134   ,4.635   ,8.332   ,-0.172   ,4.673   ,8.351   ,-0.172   ,4.673   ,8.351   ,-0.134   ,4.654   ,8.312   ,-0.134   ,4.654   ,8.312   ,-0.114   ,4.654   ,8.312   ,-0.038   ,4.616   ,8.293   ,-0.019   ,4.616   ,8.255   ,-0.019   ,4.616   ,8.255   ,-0.038   ,4.654   ,8.312   ,-0.038   ,4.654   ,8.312   ,-0.019   ,4.654   ,8.332   ,-0.019   ,4.654   ,8.332   ,0.038   ,4.635   ,8.332   ,0.057   ,4.616   ,8.312   ,0.114   ,4.616   ,8.312   ,0.114   ,4.616   ,8.312   ,0.134   ,4.577   ,8.312   ,0.134   ,4.577   ,8.312   ,0.134   ,4.539   ,8.312   ,0.172   ,4.558   ,8.293   ,0.172   ,4.558   ,8.293   ,0.229   ,4.539   ,8.351   ,0.21   ,4.52   ,8.332   ,0.153   ,4.558   ,8.351   ,0.153   ,4.558   ,8.351   ,0.134   ,4.558   ,8.408   ,0.172   ,4.539   ,8.427   ,0.172   ,4.539   ,8.427   ,0.229   ,4.577   ,8.37   ,0.306   ,4.616   ,8.332   ,0.402   ,4.577   ,8.312   ,0.383   ,4.501   ,8.274   ,0.383   ,4.501   ,8.274   ,0.229   ,4.405   ,8.274   ,0.229   ,4.405   ,8.274   ,0.095   ,4.443   ,8.312   ,0.019   ,4.577   ,8.389   ,0.0   ,4.635   ,8.37   ,-0.095   ,4.673   ,8.351   ,-0.095   ,4.673   ,8.351   ,-0.21   ,4.654   ,8.332   ,-0.344   ,4.654   ,8.312   ,-0.459   ,4.711   ,8.332   ,-0.459   ,4.711   ,8.332   ,-0.459   ,4.731   ,8.351   ,-0.459   ,4.731   ,8.351   ,-0.498   ,4.673   ,8.351   ,-0.498   ,4.673   ,8.351   ,-0.593   ,4.616   ,8.293   ,-0.593   ,4.616   ,8.293   ,-0.612   ,4.597   ,8.293   ,-0.612   ,4.597   ,8.293   ,-0.632   ,4.635   ,8.312   ,-0.574   ,4.654   ,8.332   ,-0.498   ,4.616   ,8.408   ,-0.498   ,4.635   ,8.37   ,-0.574   ,4.635   ,8.485   ,-0.574   ,4.635   ,8.485   ,-0.612   ,4.654   ,8.466   ,-0.612   ,4.654   ,8.466   ,-0.632   ,4.731   ,8.408   ,-0.632   ,4.731   ,8.408   ,-0.498   ,4.98   ,6.818   ,0.095   ,4.462   ,10.956   ,0.095   ,4.462   ,10.956   ,-0.402   ,5.095   ,7.47   ,-0.402   ,5.095   ,7.47   ,-0.459   ,4.769   ,8.274   ,-1.13   ,4.846   ,8.408   ,-1.13   ,4.846   ,8.408   ,-1.11   ,4.769   ,8.81   ,-1.11   ,4.769   ,8.81   ,-0.804   ,4.635   ,8.542   ,-0.766   ,4.826   ,8.14   ,-0.766   ,4.826   ,8.14   ,-0.804   ,4.769   ,8.217   ,-0.881   ,4.673   ,8.025   ,-0.861   ,4.673   ,8.083   ,-0.861   ,4.673   ,8.083   ,-0.708   ,4.711   ,8.083   ,-0.708   ,4.711   ,8.083   ,-0.632   ,4.846   ,8.121   ,-0.593   ,4.903   ,8.198   ,-0.593   ,4.903   ,8.198   ,-0.612   ,4.941   ,8.236   ,-0.612   ,4.941   ,8.236   ,-0.574   ,4.903   ,8.217   ,-0.574   ,4.903   ,8.217   ,-0.536   ,4.884   ,8.236   ,-0.44   ,4.846   ,8.178   ,-0.363   ,4.788   ,8.198   ,-0.363   ,4.769   ,8.178   ,-0.363   ,4.769   ,8.178   ,-0.363   ,4.731   ,8.178   ,-0.363   ,4.731   ,8.178   ,-0.402   ,4.673   ,8.217   ,-0.421   ,4.654   ,8.274   ,-0.402   ,4.597   ,8.312   ,-0.402   ,4.577   ,8.351   ,-0.402   ,4.577   ,8.351   ,-0.402   ,4.577   ,8.408   ,-0.402   ,4.577   ,8.408   ,-0.421   ,4.597   ,8.427   ,-0.402   ,4.635   ,8.447   ,-0.402   ,4.635   ,8.447   ,-0.402   ,4.635   ,8.389   ,-0.344   ,4.673   ,8.408   ,-0.344   ,4.673   ,8.408   ,-0.344   ,4.711   ,8.332   ,-0.325   ,4.731   ,8.274   ,-0.325   ,4.711   ,8.255   ,-0.325   ,4.711   ,8.255   ,-0.306   ,4.711   ,8.198   ,-0.363   ,4.731   ,8.198   ,-0.363   ,4.731   ,8.198   ,-0.363   ,4.731   ,8.198   ,-0.383   ,4.692   ,8.159   ,-0.402   ,4.692   ,8.198   ,-0.402   ,4.692   ,8.198   ,-0.402   ,4.654   ,8.236   ,-0.421   ,4.654   ,8.37   ,-0.421   ,4.673   ,8.351   ,-0.421   ,4.673   ,8.351   ,-0.478   ,4.673   ,8.408   ,-0.44   ,4.654   ,8.37   ,-0.44   ,4.654   ,8.37   ,-0.421   ,4.654   ,8.312   ,-0.383   ,4.673   ,8.332   ,-0.344   ,4.673   ,8.255   ,-0.344   ,4.673   ,8.255   ,-0.306   ,4.692   ,8.255   ,-0.306   ,4.692   ,8.255   ,-0.306   ,4.692   ,8.255   ,-0.325   ,4.692   ,8.255   ,-0.306   ,4.673   ,8.312   ,-0.306   ,4.692   ,8.37   ,-0.306   ,4.692   ,8.37   ,-0.363   ,4.692   ,8.332   ,-0.383   ,4.692   ,8.312   ,-0.383   ,4.692   ,8.312   ,-0.363   ,4.654   ,8.312   ,-0.363   ,4.616   ,8.293   ,-0.363   ,4.616   ,8.293   ,-0.344   ,4.635   ,8.293   ,-0.344   ,4.635   ,8.293   ,-0.363   ,4.635   ,8.293   ,-0.325   ,4.673   ,8.312   ,-0.325   ,4.673   ,8.312   ,-0.344   ,4.673   ,8.312   ,-0.344   ,4.673   ,8.312   ,-0.344   ,4.692   ,8.351   ,-0.363   ,4.711   ,8.274   ,-0.363   ,4.711   ,8.274   ,-0.383   ,4.711   ,8.312   ,-0.383   ,4.711   ,8.312   ,-0.363   ,4.711   ,8.274   ,-0.363   ,4.711   ,8.274   ,-0.402   ,4.711   ,8.274   ,-0.363   ,4.711   ,8.293   ,-0.383   ,4.673   ,8.274   ,-0.383   ,4.673   ,8.274   ,-0.402   ,4.673   ,8.255   ,-0.402   ,4.635   ,8.274   ,-0.421   ,4.673   ,8.332   ,-0.383   ,4.673   ,8.293   ,-0.383   ,4.673   ,8.293   ,-0.363   ,4.692   ,8.351   ,-0.363   ,4.692   ,8.351   ,-0.383   ,4.692   ,8.351   ,-0.363   ,4.692   ,8.293   ,-0.363   ,4.692   ,8.293   ,-0.325   ,4.692   ,8.312   ,-0.325   ,4.692   ,8.312   ,-0.344   ,4.692   ,8.274   ,-0.344   ,4.673   ,8.293   ,-0.383   ,4.673   ,8.332   ,-0.363   ,4.692   ,8.293   ,-0.363   ,4.692   ,8.293   ,-0.363   ,4.692   ,8.312   ,-0.363   ,4.692   ,8.312   ,-0.363   ,4.673   ,8.332   ,-0.344   ,4.654   ,8.293   ,-0.363   ,4.711   ,8.312   ,-0.363   ,4.711   ,8.312   ,-0.383   ,4.673   ,8.351   ,-0.344   ,4.673   ,8.293   ,-0.325   ,4.711   ,8.351   ,-0.325   ,4.673   ,8.351   ,-0.325   ,4.673   ,8.351   ,-0.306   ,4.673   ,8.37   ,-0.306   ,4.673   ,8.37   ,-0.287   ,4.673   ,8.351   ,-0.268   ,4.922   ,7.374   ,-0.363   ,4.769   ,8.044   ,-0.363   ,4.769   ,8.044   ,-0.249   ,4.731   ,8.427   ,-0.249   ,4.731   ,8.427   ,-0.421   ,4.769   ,8.561   ,-0.421   ,4.769   ,8.561   ,-0.325   ,4.635   ,8.619   ,-0.421   ,4.654   ,8.447   ,-0.421   ,4.654   ,8.447   ,-0.459   ,4.597   ,8.312   ,-0.459   ,4.597   ,8.351   ,-0.459   ,4.597   ,8.351   ,-0.402   ,4.635   ,8.389   ,-0.344   ,4.635   ,8.332   ,-0.344   ,4.635   ,8.332   ,-0.383   ,4.692   ,8.274   ,-0.383   ,4.692   ,8.274   ,-0.44   ,4.692   ,8.255   ,-0.498   ,4.711   ,8.236   ,-0.498   ,4.731   ,8.293   ,-0.498   ,4.731   ,8.293   ,-0.44   ,4.75   ,8.312   ,-0.44   ,4.75   ,8.312   ,-0.421   ,4.75   ,8.274   ,-0.363   ,4.711   ,8.255   ,-0.363   ,4.635   ,8.255   ,-0.363   ,4.635   ,8.255   ,-0.325   ,4.654   ,8.217   ,-0.325   ,4.654   ,8.217   ,-0.287   ,4.673   ,8.236   ,-0.306   ,4.673   ,8.274   ,-0.402   ,4.692   ,8.351   ,-0.402   ,4.692   ,8.351   ,-0.459   ,4.692   ,8.389   ,-0.459   ,4.692   ,8.389   ,-0.478   ,4.692   ,8.312   ,-0.478   ,4.692   ,8.312   ,-0.517   ,4.692   ,8.351   ,-0.517   ,4.711   ,8.351   ,-0.421   ,4.673   ,8.293   ,-0.421   ,4.673   ,8.293   ,-0.421   ,4.673   ,8.312   ,-0.421   ,4.673   ,8.312   ,-0.344   ,4.692   ,8.274   ,-0.325   ,4.673   ,8.236   ,-0.306   ,4.692   ,8.255   ,-0.306   ,4.692   ,8.255   ,-0.306   ,4.673   ,8.255   ,-0.402   ,4.711   ,8.274   ,-0.44   ,4.711   ,8.293   ,-0.44   ,4.711   ,8.293   ,-0.421   ,4.711   ,8.312   ,-0.44   ,4.692   ,8.312   ,-0.44   ,4.692   ,8.312   ,-0.459   ,4.711   ,8.37   ,-0.421   ,4.692   ,8.332   ,-0.344   ,4.711   ,8.274   ,-0.344   ,4.711   ,8.274   ,-0.325   ,4.711   ,8.293   ,-0.325   ,4.711   ,8.293   ,-0.287   ,4.731   ,8.274   ,-0.287   ,4.731   ,8.274   ,-0.306   ,4.692   ,8.274   ,-0.306   ,4.673   ,8.236   ,-0.287   ,4.692   ,8.217   ,-0.287   ,4.692   ,8.217   ,-0.306   ,4.673   ,8.255   ,-0.306   ,4.673   ,8.255   ,-0.344   ,4.692   ,8.293   ,-0.325   ,4.731   ,8.312   ,-0.325   ,4.731   ,8.312   ,-0.306   ,4.711   ,8.293   ,-0.306   ,4.711   ,8.293   ,-0.325   ,4.731   ,8.351   ,-0.325   ,4.711   ,8.332   ,-0.325   ,4.711   ,8.332   ,-0.363   ,4.711   ,8.293   ,-0.344   ,4.692   ,8.274   ,-0.344   ,4.692   ,8.274   ,-0.325   ,4.673   ,8.293   ,-0.325   ,4.673   ,8.293   ,-0.325   ,4.635   ,8.217   ,-0.325   ,4.654   ,8.236   ,-0.325   ,4.654   ,8.236   ,-0.287   ,4.673   ,8.312   ,-0.306   ,4.711   ,8.312   ,-0.306   ,4.711   ,8.312   ,-0.363   ,4.692   ,8.389   ,-0.344   ,4.692   ,8.37   ,-0.344   ,4.692   ,8.37   ,-0.383   ,4.711   ,8.312   ,-0.383   ,4.711   ,8.312   ,-0.325   ,4.673   ,8.312   ,-0.344   ,4.692   ,8.293   ,-0.363   ,4.711   ,8.236   ,-0.363   ,4.711   ,8.236   ,-0.363   ,4.673   ,8.236   ,-0.363   ,4.673   ,8.236   ,-0.363   ,4.711   ,8.255   ,-0.363   ,4.731   ,8.312   ,-0.363   ,4.731   ,8.312   ,-0.383   ,4.731   ,8.293   ,-0.363   ,4.711   ,8.312   ,-0.363   ,4.692   ,8.293   ,-0.363   ,4.692   ,8.293   ,-0.363   ,4.711   ,8.312   ,-0.383   ,4.692   ,8.293   ,-0.363   ,4.692   ,8.332   ,-0.344   ,4.692   ,8.332   ,-0.344   ,4.692   ,8.332   ,-0.383   ,4.711   ,8.293   ,-0.383   ,4.711   ,8.293   ,-0.383   ,4.711   ,8.255   ,-0.421   ,4.692   ,8.255   ,-0.421   ,4.692   ,8.255   ,-0.383   ,4.673   ,8.312   ,-0.344   ,4.711   ,8.255   ,-0.344   ,4.711   ,8.274   ,-0.344   ,4.711   ,8.274   ,-0.344   ,4.711   ,8.274   ,-0.306   ,4.731   ,8.255   ,-0.306   ,4.731   ,8.255   ,-0.344   ,4.692   ,8.293   ,-0.344   ,4.673   ,8.274   ,-0.344   ,4.673   ,8.274   ,-0.344   ,4.673   ,8.274   ,-0.344   ,4.673   ,8.274   ,-0.325   ,4.654   ,8.312   ,-0.325   ,4.654   ,8.312   ,-0.325   ,4.673   ,8.312   ,-0.325   ,4.673   ,8.312   ,-0.306   ,4.673   ,8.332   ,-0.325   ,4.673   ,8.293   ,-0.325   ,4.673   ,8.293   ,-0.325   ,4.731   ,8.255   ,-0.325   ,4.731   ,8.255   ,-0.325   ,4.769   ,8.293   ,-0.325   ,4.769   ,8.293   ,-0.325   ,4.75   ,8.255   ,-0.306   ,4.75   ,8.255   ,-0.325   ,4.711   ,8.255   ,-0.325   ,4.673   ,8.293   ,-0.325   ,4.673   ,8.293   ,-0.325   ,4.654   ,8.37   ,-0.287   ,4.654   ,8.408   ,-0.287   ,4.654   ,8.408   ,-0.287   ,4.635   ,8.351   ,-0.229   ,4.711   ,8.427   ,-0.268   ,4.731   ,8.427   ,-0.268   ,4.731   ,8.427   ,-0.287   ,4.75   ,8.447   ,-0.287   ,4.75   ,8.447   ,-0.306   ,4.711   ,8.37   ,-0.727   ,4.386   ,7.968   ,-0.727   ,4.386   ,7.968   ,-0.421   ,4.482   ,8.044   ,-0.421   ,4.482   ,8.044   ,-0.153   ,4.788   ,8.063   ,-0.076   ,4.846   ,8.255   ,-0.076   ,4.846   ,8.255   ,-0.172   ,4.807   ,8.312   ,-0.172   ,4.807   ,8.312   ,-0.344   ,4.711   ,8.293   ,-0.363   ,4.673   ,8.332   ,-0.325   ,4.673   ,8.293   ,-0.325   ,4.673   ,8.293   ,-0.229   ,4.692   ,8.332   ,-0.21   ,4.673   ,8.351   ,-0.21   ,4.673   ,8.351   ,-0.191   ,4.692   ,8.351   ,-0.21   ,4.635   ,8.312   ,-0.21   ,4.654   ,8.274   ,-0.21   ,4.654   ,8.274   ,-0.172   ,4.692   ,8.293   ,-0.191   ,4.711   ,8.274   ,-0.191   ,4.692   ,8.293   ,-0.191   ,4.692   ,8.293   ,-0.191   ,4.673   ,8.312   ,-0.191   ,4.673   ,8.312   ,-0.249   ,4.692   ,8.332   ,-0.21   ,4.692   ,8.293   ,-0.21   ,4.673   ,8.255   ,-0.21   ,4.673   ,8.255   ,-0.21   ,4.673   ,8.274   ,-0.21   ,4.673   ,8.274   ,-0.21   ,4.673   ,8.255   ,-0.229   ,4.673   ,8.293   ,-0.229   ,4.673   ,8.293   ,-0.21   ,4.692   ,8.293   ,-0.229   ,4.692   ,8.332   ,-0.229   ,4.692   ,8.332   ,-0.229   ,4.692   ,8.312   ,-0.229   ,4.711   ,8.312   ,-0.249   ,4.711   ,8.293   ,-0.249   ,4.711   ,8.293   ,-0.229   ,4.692   ,8.236   ,-0.229   ,4.692   ,8.236   ,-0.268   ,4.692   ,8.293   ,-0.287   ,4.711   ,8.274   ,-0.325   ,4.731   ,8.255   ,-0.325   ,4.731   ,8.255   ,-0.344   ,4.673   ,8.274   ,-0.344   ,4.673   ,8.274   ,-0.325   ,4.654   ,8.236   ,-0.325   ,4.654   ,8.236   ,-0.344   ,4.673   ,8.312   ,-0.383   ,4.692   ,8.293   ,-0.344   ,4.731   ,8.312   ,-0.344   ,4.731   ,8.312   ,-0.325   ,4.731   ,8.255   ,-0.306   ,4.692   ,8.293   ,-0.306   ,4.711   ,8.255   ,-0.306   ,4.711   ,8.255   ,-0.287   ,4.731   ,8.274   ,-0.287   ,4.731   ,8.274   ,-0.306   ,4.711   ,8.274   ,-0.306   ,4.673   ,8.274   ,-0.306   ,4.654   ,8.293   ,-0.306   ,4.654   ,8.293   ,-0.344   ,4.654   ,8.255   ,-0.344   ,4.654   ,8.255   ,-0.363   ,4.673   ,8.293   ,-0.306   ,4.654   ,8.293   ,-0.306   ,4.654   ,8.293   ,-0.325   ,4.635   ,8.312   ,-0.325   ,4.635   ,8.293   ,-0.325   ,4.635   ,8.293   ,-0.287   ,4.616   ,8.351   ,-0.229   ,4.635   ,8.351   ,-0.249   ,4.635   ,8.332   ,-0.249   ,4.673   ,8.351   ,-0.249   ,4.635   ,8.351   ,-0.249   ,4.635   ,8.351   ,-0.191   ,4.654   ,8.312   ,-0.21   ,4.673   ,8.332   ,-0.191   ,4.692   ,8.293   ,-0.134   ,4.654   ,8.332   ,-0.153   ,4.673   ,8.293   ,-0.153   ,4.673   ,8.293   ,-0.153   ,4.616   ,8.312   ,-0.153   ,4.616   ,8.312   ,-0.172   ,4.597   ,8.332   ,-0.172   ,4.597   ,8.332   ,-0.172   ,4.597   ,8.332   ,-0.229   ,4.616   ,8.351   ,-0.229   ,4.616   ,8.351   ,-0.344   ,4.616   ,8.332   ,-0.344   ,4.654   ,8.37   ,-0.344   ,4.654   ,8.37   ,-0.325   ,4.673   ,8.351   ,-0.383   ,4.673   ,8.293   ,-0.402   ,4.654   ,8.274   ,-0.344   ,4.692   ,8.217   ,-0.344   ,4.692   ,8.217   ,-0.363   ,4.673   ,8.236   ,-0.325   ,4.673   ,8.255   ,-0.344   ,4.692   ,8.255   ,-0.325   ,4.692   ,8.255   ,-0.325   ,4.692   ,8.255   ,-0.325   ,4.692   ,8.293   ,-0.325   ,4.692   ,8.293   ,-0.306   ,4.616   ,8.332   ,-0.306   ,4.616   ,8.332   ,-0.287   ,4.616   ,8.312   ,-0.287   ,4.616   ,8.332   ,-0.249   ,4.635   ,8.332   ,-0.249   ,4.635   ,8.332   ,-0.249   ,4.654   ,8.351   ,-0.191   ,4.673   ,8.312   ,-0.249   ,4.673   ,8.293   ,-0.21   ,4.654   ,8.293   ,-0.21   ,4.635   ,8.312   ,-0.229   ,4.654   ,8.312   ,-0.229   ,4.654   ,8.312   ,-0.268   ,4.673   ,8.351   ,-0.306   ,4.654   ,8.37   ,-0.344   ,4.654   ,8.37   ,-0.344   ,4.635   ,8.351   ,-0.363   ,4.616   ,8.312   ,-0.363   ,4.616   ,8.312   ,-0.325   ,4.597   ,8.312   ,-0.325   ,4.597   ,8.312   ,-0.344   ,4.577   ,8.332   ,-0.344   ,4.577   ,8.332   ,-0.325   ,4.577   ,8.351   ,-0.383   ,4.597   ,8.37   ,-0.383   ,4.597   ,8.408   ,-0.363   ,4.52   ,8.427   ,-0.363   ,4.52   ,8.427   ,-0.383   ,4.482   ,8.389   ,-0.402   ,4.462   ,8.447   ,-0.402   ,4.482   ,8.447   ,-0.402   ,4.482   ,8.447   ,-0.421   ,4.52   ,8.447   ,-0.421   ,4.52   ,8.447   ,-0.459   ,4.597   ,8.408   ,-0.536   ,4.654   ,8.408   ,-0.593   ,4.692   ,8.389   ,-0.612   ,4.75   ,8.332   ,-0.708   ,4.788   ,8.255   ,-0.708   ,4.788   ,8.255   ,-0.747   ,4.807   ,8.178   ,-0.747   ,4.807   ,8.178   ,-0.727   ,4.826   ,8.102   ,-0.727   ,4.826   ,8.102   ,-0.727   ,4.865   ,8.044   ,-0.727   ,4.865   ,8.044   ,-0.785   ,4.884   ,8.044   ,-0.785   ,4.865   ,8.083   ,-0.766   ,4.846   ,8.121   ,-0.766   ,4.826   ,8.217   ,-0.67   ,4.788   ,8.255   ,-0.67   ,4.788   ,8.255   ,-0.67   ,4.807   ,8.255   ,-0.67   ,4.807   ,8.255   ,-0.593   ,4.75   ,8.255   ,-0.593   ,4.75   ,8.255   ,-0.555   ,4.711   ,8.274   ,-0.498   ,4.673   ,8.274   ,-0.383   ,4.654   ,8.217   ,-0.478   ,4.654   ,8.312   ,-0.478   ,4.654   ,8.312   ,-0.459   ,4.616   ,8.332   ,-0.44   ,4.635   ,8.332   ,-0.459   ,4.654   ,8.37   ,-0.459   ,4.654   ,8.37   ,-0.478   ,4.673   ,8.351   ,-0.478   ,4.673   ,8.351   ,-0.478   ,4.654   ,8.351   ,-0.44   ,4.654   ,8.351   ,-0.44   ,4.654   ,8.351   ,-0.459   ,4.654   ,8.332   ,-0.459   ,4.654   ,8.312   ,-0.478   ,4.654   ,8.274   ,-0.478   ,4.654   ,8.274   ,-0.498   ,4.673   ,8.274   ,-0.459   ,4.711   ,8.274   ,-0.459   ,4.711   ,8.274   ,-0.459   ,4.731   ,8.293   ,-0.459   ,4.731   ,8.293   ,-0.478   ,4.769   ,8.293   ,-0.459   ,4.788   ,8.274   ,-0.478   ,4.846   ,8.217   ,-0.459   ,4.788   ,8.178   ,-0.44   ,4.769   ,8.159   ,-0.44   ,4.769   ,8.159   ,-0.44   ,4.769   ,8.159   ,-0.44   ,4.769   ,8.159   ,-0.44   ,4.769   ,8.198   ,-0.478   ,4.692   ,8.255   ,-0.478   ,4.692   ,8.274   ,-0.478   ,4.692   ,8.312   ,-0.421   ,4.692   ,8.312   ,-0.421   ,4.673   ,8.332   ,-0.421   ,4.673   ,8.332   ,-0.421   ,4.635   ,8.332   ,-0.421   ,4.635   ,8.332   ,-0.344   ,4.654   ,8.312   ,-0.325   ,4.673   ,8.312   ,-0.306   ,4.673   ,8.293   ,-0.287   ,4.673   ,8.293   ,-0.344   ,4.711   ,8.274   ,-0.344   ,4.731   ,8.312   ,-0.344   ,4.731   ,8.312   ,-0.383   ,4.731   ,8.293   ,-0.383   ,4.731   ,8.293   ,-0.421   ,4.731   ,8.217   ,-0.421   ,4.692   ,8.255   ,-0.421   ,4.692   ,8.236   ,-0.44   ,4.673   ,8.236   ,-0.44   ,4.673   ,8.236   ,-0.498   ,4.673   ,8.274   ,-0.498   ,4.673   ,8.274   ,-0.498   ,4.711   ,8.293   ,-0.498   ,4.711   ,8.293   ,-0.459   ,4.692   ,8.312   ,-0.478   ,4.711   ,8.332   ,-0.44   ,4.711   ,8.312   ,-0.363   ,4.731   ,8.293   ,-0.363   ,4.731   ,8.293   ,-0.363   ,4.731   ,8.274   ,-0.344   ,4.731   ,8.236   ,-0.344   ,4.731   ,8.236   ,-0.344   ,4.711   ,8.236   ,-0.344   ,4.711   ,8.236   ,-0.306   ,4.711   ,8.236   ,-0.344   ,4.692   ,8.255   ,-0.383   ,4.711   ,8.255   ,-0.249   ,4.711   ,8.389   ,-0.344   ,4.673   ,8.274   ,-0.344   ,4.673   ,8.274   ,-0.402   ,4.692   ,8.332   ,-0.402   ,4.692   ,8.332   ,-0.421   ,4.635   ,8.274   ,-0.383   ,4.673   ,8.274   ,-0.402   ,4.692   ,8.293   ,-0.402   ,4.692   ,8.293   ,-0.421   ,4.711   ,8.274   ,-0.421   ,4.711   ,8.274   ,-0.632   ,4.577   ,8.255   ,-0.727   ,4.405   ,8.255   ,-0.727   ,4.405   ,8.255   ,-0.708   ,4.443   ,8.255   ,-0.785   ,4.367   ,8.466   ,-0.44   ,4.654   ,8.734   ,-0.038   ,4.807   ,8.791   ,-0.038   ,4.807   ,8.791   ,0.402   ,4.922   ,8.676   ,0.536   ,4.884   ,8.466   ,0.249   ,4.577   ,8.485   ,0.249   ,4.577   ,8.485   ,0.172   ,4.558   ,8.485   ,0.766   ,4.731   ,8.389   ,0.861   ,4.884   ,8.389   ,0.383   ,4.443   ,8.715   ,0.383   ,4.443   ,8.715   ,0.134   ,4.826   ,8.178   ,0.134   ,4.826   ,8.178   ,0.344   ,5.631   ,7.144   ,0.344   ,5.631   ,7.144   ,0.095   ,5.458   ,7.527   ,-0.153   ,5.248   ,7.489   ,-0.057   ,5.095   ,7.259   ,-0.057   ,5.095   ,7.259   ,0.172   ,4.96   ,7.431   ,0.114   ,5.095   ,7.565   ,0.114   ,5.095   ,7.565   ,0.153   ,5.209   ,7.546   ,0.153   ,5.209   ,7.546   ,0.0   ,5.267   ,7.546   ,-0.229   ,5.382   ,7.604   ,-0.249   ,5.478   ,7.642   ,-0.249   ,5.478   ,7.642   ,-0.325   ,5.631   ,7.68   ,-0.325   ,5.631   ,7.68   ,-0.344   ,5.688   ,7.585   ,-0.249   ,5.593   ,7.47   ,-0.249   ,5.593   ,7.47   ,-0.325   ,5.669   ,7.47   ,-0.383   ,5.554   ,7.719   ,-0.268   ,5.344   ,7.7   ,-0.268   ,5.344   ,7.7   ,-0.517   ,5.229   ,7.048   ,-4.156   ,4.769   ,7.316   ,-4.156   ,4.769   ,7.316   ,0.057   ,4.29   ,5.88   ,0.057   ,4.29   ,5.88   ,1.589   ,2.815   ,3.735   ,2.068   ,2.758   ,4.099   ,1.934   ,3.026   ,4.807   ,1.934   ,3.026   ,4.807   ,1.877   ,3.811   ,6.761   ,1.877   ,3.811   ,6.761   ,1.398   ,6.129   ,12.105   ,0.804   ,6.723   ,12.258   ,0.804   ,6.723   ,12.258   ,-0.976   ,6.799   ,12.201   ,-0.976   ,6.799   ,12.201   ,-2.413   ,9.5   ,13.005   ,-0.153   ,9.366   ,11.454   ,-0.153   ,9.366   ,11.454   ,2.662   ,7.316   ,9.634   ,3.16   ,5.593   ,8.504   ,3.16   ,5.593   ,8.504   ,2.241   ,4.118   ,6.646   ,2.241   ,4.118   ,6.646   ,1.11   ,3.639   ,6.55   ,0.785   ,3.447   ,8.236   ,0.076   ,3.466   ,7.374   ,0.076   ,3.466   ,7.374   ,0.536   ,4.616   ,7.144   ,0.861   ,4.999   ,6.876   ,0.632   ,5.344   ,7.355   ,0.632   ,5.344   ,7.355   ,0.344   ,5.305   ,7.814   ,0.344   ,5.305   ,7.814   ,0.996   ,5.152   ,8.312   ,1.972   ,5.018   ,8.83   ,1.972   ,5.018   ,8.83   ,1.877   ,5.056   ,9.117   ,1.838   ,5.267   ,8.542   ,1.532   ,4.692   ,7.91   ,1.532   ,4.692   ,7.91   ,1.608   ,4.692   ,7.872   ,1.302   ,4.941   ,7.872   ,1.302   ,4.941   ,7.872   ,1.034   ,5.056   ,7.949   ,1.034   ,5.056   ,7.949   ,0.881   ,5.114   ,8.063   ,0.996   ,5.095   ,8.044   ,0.996   ,5.095   ,8.044   ,1.206   ,4.98   ,7.431   ,1.206   ,4.98   ,7.431   ,1.168   ,4.96   ,7.431   ,1.149   ,5.171   ,7.508   ,1.149   ,5.171   ,7.508   ,0.919   ,5.248   ,7.546   ,0.919   ,5.248   ,7.546   ,0.612   ,5.458   ,7.661   ,0.402   ,5.612   ,7.642   ,0.019   ,5.88   ,7.642   ,0.019   ,5.88   ,7.642   ,-0.038   ,5.918   ,7.719   ,-0.038   ,5.918   ,7.719   ,-0.019   ,5.727   ,7.91   ,0.038   ,5.688   ,7.949   ,0.038   ,5.688   ,7.949   ,0.402   ,5.842   ,8.006   ,0.402   ,5.842   ,8.006   ,0.191   ,5.746   ,7.987   ,0.076   ,5.363   ,7.623   ,0.076   ,5.363   ,7.623   ,0.076   ,5.286   ,7.508   ,0.21   ,5.42   ,7.508   ,0.325   ,5.497   ,7.661   ,0.325   ,5.497   ,7.661   ,0.383   ,5.458   ,7.776   ,0.344   ,5.42   ,7.757   ,0.306   ,5.497   ,7.719   ,0.306   ,5.497   ,7.719   ,0.44   ,5.439   ,7.776   ,0.881   ,5.133   ,7.738   ,1.11   ,5.401   ,7.623   ,1.11   ,5.401   ,7.623   ,0.861   ,5.42   ,7.642   ,0.861   ,5.42   ,7.642   ,0.957   ,5.688   ,7.776   ,0.268   ,5.861   ,8.063   ,0.268   ,5.861   ,8.063   ,0.957   ,5.248   ,7.814   ,0.957   ,5.248   ,7.814   ,1.168   ,5.458   ,7.949   ,1.168   ,5.458   ,7.949   ,0.574   ,5.497   ,7.814   ,0.402   ,5.305   ,7.565   ,0.402   ,5.305   ,7.565   ,0.459   ,5.152   ,7.585   ,0.536   ,5.267   ,7.527   ,0.536   ,5.267   ,7.527   ,0.44   ,5.573   ,7.508   ,0.517   ,5.688   ,7.642   ,0.517   ,5.688   ,7.642   ,0.536   ,5.593   ,7.853   ,0.536   ,5.593   ,7.853   ,0.555   ,5.478   ,7.757   ,0.555   ,5.344   ,7.757   ,0.555   ,5.344   ,7.757   ,0.555   ,5.305   ,8.006   ,0.498   ,5.286   ,7.987   ,0.421   ,5.324   ,7.949   ,0.421   ,5.324   ,7.949   ,0.325   ,5.344   ,7.872   ,0.306   ,5.286   ,8.006   ,0.306   ,5.286   ,8.006   ,0.229   ,5.267   ,7.891   ,0.249   ,5.229   ,7.872   ,0.249   ,5.229   ,7.872   ,0.268   ,5.171   ,8.044   ,0.268   ,5.171   ,8.044   ,0.287   ,5.133   ,8.044   ,0.383   ,5.056   ,8.159   ,0.383   ,5.056   ,8.159   ,0.363   ,4.999   ,8.178   ,0.21   ,5.037   ,7.834   ,0.076   ,5.056   ,7.642   ,0.076   ,5.056   ,7.642   ,0.038   ,5.114   ,7.738   ,0.325   ,5.746   ,7.278   ,0.325   ,5.746   ,7.278   ,0.459   ,5.803   ,9.136   ,0.229   ,5.784   ,8.37   ,0.229   ,5.784   ,8.37   ,0.057   ,5.497   ,7.795   ,0.191   ,5.229   ,7.738   ,0.325   ,4.75   ,7.604   ,0.229   ,4.597   ,7.719   ,0.229   ,4.597   ,7.719   ,0.057   ,4.635   ,8.198   ,0.057   ,4.635   ,8.198   ,-0.076   ,4.846   ,8.102   ,-0.095   ,5.19   ,7.795   ,-0.076   ,5.171   ,7.891   ,-0.019   ,5.133   ,7.891   ,-0.019   ,5.133   ,7.891   ,0.076   ,5.075   ,7.776   ,0.076   ,5.075   ,7.776   ,0.306   ,5.037   ,7.776   ,0.612   ,4.999   ,8.198   ,0.612   ,4.999   ,8.198   ,-0.019   ,5.19   ,8.14   ,-0.153   ,5.229   ,7.853   ,-0.057   ,5.133   ,7.719   ,-0.114   ,5.133   ,7.929   ,-0.095   ,5.114   ,8.006   ,-0.095   ,5.114   ,8.006   ,-0.095   ,5.152   ,7.91   ,-0.019   ,5.267   ,8.063   ,-0.019   ,5.267   ,8.063   ,0.038   ,5.305   ,8.159   ,0.038   ,5.305   ,8.159   ,0.095   ,5.095   ,8.466   ,0.095   ,5.095   ,8.466   ,0.076   ,5.075   ,8.408   ,0.114   ,5.401   ,8.542   ,0.038   ,5.554   ,8.504   ,0.306   ,5.248   ,8.868   ,0.306   ,5.248   ,8.868   ,0.363   ,4.922   ,8.925   ,0.363   ,4.922   ,8.925   ,0.21   ,4.731   ,8.581   ,0.0   ,4.826   ,8.447   ,0.0   ,4.826   ,8.447   ,-0.363   ,4.922   ,8.81   ,-0.498   ,5.037   ,8.925   ,-0.823   ,4.922   ,9.098   ,-0.766   ,5.229   ,8.791   ,-0.766   ,5.229   ,8.791   ,-1.053   ,5.229   ,8.14   ,-1.225   ,4.98   ,7.757   ,-1.647   ,4.577   ,7.297   ,-1.647   ,4.577   ,7.297   ,-1.896   ,4.558   ,7.144   ,-2.375   ,4.826   ,7.106   ,-2.375   ,4.826   ,7.106   ,-2.087   ,4.98   ,7.01   ,-2.087   ,4.98   ,7.01   ,-1.551   ,4.577   ,6.569   ,-1.704   ,4.29   ,6.416   ,-1.704   ,4.29   ,6.416   ,-1.723   ,4.213   ,6.052   ,-1.494   ,4.271   ,5.765   ,-1.494   ,4.271   ,5.765   ,-0.976   ,4.233   ,5.612   ,-0.689   ,4.443   ,7.661   ,-1.11   ,5.305   ,11.109   ,-1.11   ,5.305   ,11.109   ,-0.861   ,5.497   ,10.209   ,-0.861   ,5.497   ,10.209   ,-1.13   ,5.152   ,7.968   ,-0.996   ,4.903   ,7.929   ,-0.996   ,4.903   ,7.929   ,-1.11   ,4.941   ,8.083   ,-1.11   ,4.941   ,8.083   ,-1.589   ,5.401   ,8.121   ,-1.264   ,5.535   ,8.485   ,-1.264   ,5.535   ,8.485   ,-1.225   ,5.363   ,8.523   ,-1.264   ,5.037   ,8.504   ,-1.168   ,4.654   ,8.351   ,-1.168   ,4.654   ,8.351   ,-1.245   ,4.041   ,8.734   ,-1.053   ,4.137   ,7.7   ,-1.053   ,4.137   ,7.7   ,-0.957   ,4.673   ,7.661   ,-0.842   ,5.133   ,7.872   ,-0.842   ,5.133   ,7.872   ,-0.804   ,5.114   ,8.006   ,-0.804   ,5.114   ,8.006   ,-0.747   ,5.305   ,8.083   ,-0.747   ,5.305   ,8.083   ,-0.517   ,5.497   ,7.872   ,-0.459   ,5.803   ,7.814   ,-0.057   ,6.11   ,7.91   ,-0.057   ,6.11   ,7.91   ,0.249   ,6.263   ,8.063   ,0.593   ,6.627   ,7.834   ,0.593   ,6.627   ,7.834   ,0.842   ,6.129   ,7.757   ,0.919   ,5.305   ,7.661   ,0.919   ,5.305   ,7.661   ,0.842   ,5.075   ,7.374   ,0.842   ,5.075   ,7.374   ,0.536   ,5.056   ,7.451   ,0.44   ,4.96   ,8.044   ,0.44   ,4.96   ,8.044   ,0.249   ,4.96   ,7.872   ,0.095   ,5.229   ,7.604   ,0.095   ,5.229   ,7.604   ,0.095   ,5.363   ,8.217   ,0.095   ,5.363   ,8.217   ,0.076   ,5.267   ,8.083   ,0.153   ,4.999   ,7.929   ,0.153   ,4.999   ,7.929   ,0.21   ,4.96   ,8.102   ,-0.057   ,5.248   ,8.044   ,-0.057   ,5.248   ,8.044   ,-0.325   ,5.382   ,8.025   ,-0.459   ,5.286   ,7.968   ,-0.459   ,5.286   ,7.968   ,-0.459   ,5.267   ,7.929   ,-0.44   ,5.305   ,7.968   ,-0.402   ,5.267   ,8.063   ,-0.402   ,5.267   ,8.063   ,-0.306   ,5.286   ,8.083   ,-0.306   ,5.286   ,8.083   ,-0.287   ,5.229   ,8.121   ,-0.21   ,5.133   ,8.159   ,-0.21   ,5.133   ,8.159   ,-0.076   ,5.114   ,8.198   ,0.134   ,5.037   ,8.37   ,0.287   ,5.095   ,8.6   ,0.478   ,4.98   ,8.485   ,0.498   ,4.826   ,8.351   ,0.498   ,4.826   ,8.351   ,0.574   ,4.711   ,8.102   ,0.67   ,4.711   ,8.102   ,0.67   ,4.711   ,8.102   ,0.727   ,4.731   ,7.968   ,0.727   ,4.731   ,7.968   ,0.67   ,4.826   ,7.891   ,0.67   ,4.826   ,7.891   ,0.9   ,4.865   ,7.738   ,1.053   ,4.807   ,7.719   ,1.091   ,4.597   ,7.738   ,1.091   ,4.597   ,7.738   ,0.996   ,4.424   ,7.814   ,0.996   ,4.424   ,7.814   ,0.976   ,4.29   ,7.987   ,0.957   ,4.309   ,8.217   ,1.053   ,4.501   ,8.447   ,1.053   ,4.501   ,8.447   ,1.072   ,4.539   ,8.542   ,1.072   ,4.539   ,8.542   ,0.881   ,4.558   ,8.715   ,0.881   ,4.558   ,8.715   ,0.823   ,4.769   ,8.657   ,0.708   ,4.846   ,8.638   ,0.708   ,4.846   ,8.638   ,0.651   ,4.692   ,8.523   ,0.651   ,4.692   ,8.523   ,0.593   ,4.424   ,8.236   ,0.651   ,4.328   ,8.178   ,0.861   ,4.386   ,8.217   ,0.861   ,4.386   ,8.217   ,0.919   ,4.424   ,8.312   ,0.919   ,4.424   ,8.312   ,0.957   ,4.501   ,8.427   ,1.015   ,4.577   ,8.427   ,1.053   ,4.482   ,8.427   ,0.976   ,4.386   ,8.542   ,0.976   ,4.386   ,8.542   ,0.861   ,4.386   ,8.37   ,0.861   ,4.386   ,8.37   ,0.881   ,4.348   ,8.255   ,0.976   ,4.328   ,8.332   ,0.976   ,4.328   ,8.332   ,1.034   ,4.386   ,8.312   ,0.976   ,4.386   ,8.198   ,0.976   ,4.386   ,8.198   ,0.957   ,4.462   ,8.159   ,0.957   ,4.462   ,8.159   ,0.957   ,4.577   ,8.217   ,1.015   ,4.616   ,8.274   ,0.976   ,4.577   ,8.236   ,0.976   ,4.577   ,8.236   ,0.976   ,4.597   ,8.217   ,0.976   ,4.597   ,8.217   ,0.919   ,4.597   ,8.198   ,0.919   ,4.597   ,8.198   ,0.861   ,4.597   ,8.198   ,0.919   ,4.597   ,8.332   ,0.938   ,4.692   ,8.408   ,0.747   ,4.807   ,8.255   ,0.708   ,5.037   ,8.236   ,0.708   ,5.037   ,8.236   ,0.689   ,5.114   ,8.178   ,0.689   ,5.095   ,8.044   ,0.727   ,4.98   ,7.949   ,0.804   ,4.903   ,7.949   ,0.804   ,4.903   ,7.949   ,0.804   ,4.865   ,7.949   ,0.9   ,4.903   ,8.083   ,0.957   ,4.922   ,8.083   ,0.957   ,4.922   ,8.083   ,0.957   ,4.903   ,8.025   ,0.957   ,4.903   ,8.025   ,0.957   ,4.807   ,8.083   ,0.957   ,4.807   ,8.083   ,0.9   ,4.75   ,8.121   ,0.938   ,4.75   ,8.178   ,0.881   ,4.75   ,8.198   ,0.881   ,4.75   ,8.198   ,0.881   ,4.788   ,8.178   ,0.823   ,4.75   ,8.217   ,0.842   ,4.769   ,8.236   ,0.842   ,4.769   ,8.236   ,0.861   ,4.75   ,8.236   ,0.861   ,4.75   ,8.236   ,0.823   ,4.788   ,8.178   ,0.747   ,4.826   ,8.102   ,0.708   ,4.884   ,8.121   ,0.651   ,5.018   ,8.083   ,0.651   ,5.018   ,8.083   ,0.593   ,5.095   ,8.044   ,0.536   ,5.171   ,8.063   ,0.536   ,5.171   ,8.063   ,0.459   ,5.19   ,8.025   ,0.402   ,5.229   ,8.006   ,0.402   ,5.229   ,8.006   ,0.402   ,5.209   ,7.929   ,0.402   ,5.209   ,7.929   ,0.478   ,5.229   ,7.872   ,0.536   ,5.229   ,7.891   ,0.555   ,5.152   ,7.968   ,0.555   ,5.152   ,7.968   ,0.574   ,5.114   ,7.987   ,0.651   ,5.095   ,7.968   ,0.651   ,5.095   ,7.968   ,0.708   ,5.075   ,8.063   ,0.727   ,5.075   ,8.025   ,0.689   ,5.018   ,7.968   ,0.689   ,5.018   ,7.968   ,0.593   ,5.018   ,7.929   ,0.593   ,5.018   ,7.929   ,0.593   ,5.037   ,7.949   ,0.67   ,5.075   ,7.949   ,0.727   ,5.114   ,7.929   ,0.823   ,5.19   ,7.987   ,0.823   ,5.19   ,7.987   ,0.842   ,5.209   ,7.968   ,0.842   ,5.209   ,7.968   ,0.823   ,5.209   ,7.949   ,0.823   ,5.209   ,7.949   ,0.9   ,5.19   ,7.987   ,0.996   ,5.152   ,8.063   ,1.11   ,5.095   ,8.217   ,1.11   ,5.095   ,8.217   ,1.053   ,4.96   ,8.178   ,1.053   ,4.96   ,8.178   ,0.785   ,4.846   ,8.198   ,0.785   ,4.846   ,8.198   ,0.421   ,4.788   ,8.274   ,0.344   ,4.788   ,8.198   ,0.344   ,4.788   ,8.198   ,0.287   ,4.769   ,8.006   ,0.287   ,4.769   ,8.006   ,0.306   ,4.846   ,7.929   ,0.325   ,4.96   ,7.949   ,0.325   ,4.96   ,7.949   ,0.344   ,5.018   ,7.987   ,0.344   ,5.018   ,7.987   ,0.478   ,4.999   ,8.14   ,0.459   ,4.96   ,8.159   ,0.344   ,4.922   ,8.159   ,0.344   ,4.922   ,8.159   ,0.287   ,4.903   ,8.178   ,0.249   ,4.826   ,8.178   ,0.249   ,4.826   ,8.178   ,0.249   ,4.788   ,8.178   ,0.249   ,4.788   ,8.178   ,0.153   ,4.673   ,8.083   ,0.153   ,4.692   ,8.063   ,0.153   ,4.692   ,8.063   ,0.134   ,4.769   ,7.987   ,0.134   ,4.769   ,7.987   ,0.21   ,4.903   ,7.949   ,0.344   ,5.095   ,8.121   ,0.632   ,4.98   ,8.159   ,0.632   ,4.98   ,8.159   ,0.632   ,5.114   ,7.048   ,0.747   ,5.554   ,8.696   ,0.747   ,5.554   ,8.696   ,0.478   ,5.229   ,8.408   ,0.363   ,4.75   ,8.006   ,0.363   ,4.75   ,8.006   ,-0.229   ,4.96   ,7.585   ,-0.249   ,5.458   ,7.297   ,-0.249   ,5.458   ,7.297   ,-0.076   ,6.474   ,7.738   ,-0.076   ,6.474   ,7.738   ,0.517   ,6.129   ,8.255   ,0.517   ,6.129   ,8.255   ,1.264   ,4.807   ,8.198   ,1.091   ,4.826   ,7.872   ,1.091   ,4.826   ,7.872   ,0.919   ,5.267   ,7.125   ,0.919   ,5.267   ,7.125   ,1.11   ,5.631   ,7.642   ,1.11   ,5.631   ,7.642   ,1.321   ,6.244   ,8.025   ,1.321   ,6.244   ,8.025   ,1.379   ,6.148   ,7.949   ,1.647   ,5.497   ,7.661   ,1.953   ,4.788   ,7.47   ,1.953   ,4.788   ,7.47   ,1.398   ,4.443   ,7.01   ,1.398   ,4.443   ,7.01   ,0.747   ,5.248   ,7.087   ,0.727   ,5.995   ,7.412   ,0.727   ,5.995   ,7.412   ,0.881   ,6.32   ,7.987   ,1.206   ,5.784   ,8.025   ,1.206   ,5.784   ,8.025   ,1.149   ,5.248   ,7.949   ,0.957   ,4.884   ,7.776   ,0.957   ,4.884   ,7.776   ,0.842   ,5.018   ,7.834   ,0.842   ,5.018   ,7.834   ,0.747   ,5.382   ,7.91   ,0.747   ,5.439   ,7.949   ,0.747   ,5.439   ,7.949   ,0.804   ,5.42   ,7.949   ,0.804   ,5.401   ,7.891   ,0.804   ,5.401   ,7.891   ,0.861   ,5.382   ,7.776   ,0.861   ,5.382   ,7.776   ,0.881   ,5.305   ,7.776   ,0.957   ,5.286   ,7.7   ,0.957   ,5.286   ,7.7   ,0.996   ,5.267   ,7.642   ,1.168   ,5.267   ,7.757   ,1.168   ,5.267   ,7.757   ,1.187   ,5.267   ,7.814   ,1.187   ,5.267   ,7.814   ,1.072   ,5.324   ,7.776   ,0.996   ,5.344   ,7.814   ,0.996   ,5.344   ,7.814   ,0.861   ,5.363   ,7.91   ,0.766   ,5.344   ,7.814   ,0.727   ,5.324   ,7.7   ,0.727   ,5.324   ,7.7   ,0.823   ,5.305   ,7.719   ,0.957   ,5.286   ,7.719   ,0.957   ,5.286   ,7.719   ,0.996   ,5.286   ,7.738   ,1.053   ,5.324   ,7.738   ,1.053   ,5.324   ,7.738   ,1.034   ,5.324   ,7.757   ,1.034   ,5.324   ,7.757   ,0.996   ,5.305   ,7.776   ,0.976   ,5.305   ,7.776   ,0.976   ,5.305   ,7.776   ,0.919   ,5.324   ,7.834   ,0.919   ,5.344   ,7.853   ,0.919   ,5.344   ,7.853   ,0.957   ,5.324   ,7.834   ,0.957   ,5.324   ,7.834   ,0.976   ,5.286   ,7.853   ,0.996   ,5.267   ,7.834   ,0.996   ,5.267   ,7.834   ,0.957   ,5.286   ,7.795   ,1.015   ,5.286   ,7.814   ,1.015   ,5.286   ,7.814   ,1.034   ,5.305   ,7.776   ,1.034   ,5.305   ,7.776   ,1.053   ,5.286   ,7.834   ,1.015   ,5.324   ,7.834   ,1.015   ,5.324   ,7.834   ,0.976   ,5.344   ,7.853   ,0.881   ,5.344   ,7.795   ,0.881   ,5.344   ,7.795   ,0.823   ,5.363   ,7.814   ,0.823   ,5.344   ,7.795   ,0.9   ,5.324   ,7.757   ,0.9   ,5.324   ,7.757   ,0.938   ,5.305   ,7.757   ,1.015   ,5.324   ,7.719   ,1.015   ,5.324   ,7.719   ,0.996   ,5.324   ,7.814   ,0.996   ,5.305   ,7.776   ,0.957   ,5.305   ,7.776   ,0.957   ,5.305   ,7.776   ,0.976   ,5.324   ,7.814   ,1.015   ,5.344   ,7.757   ,1.015   ,5.344   ,7.757   ,1.053   ,5.344   ,7.757   ,1.034   ,5.305   ,7.776   ,1.034   ,5.286   ,7.776   ,1.034   ,5.286   ,7.776   ,0.996   ,5.305   ,7.776   ,0.996   ,5.286   ,7.834   ,0.996   ,5.286   ,7.834   ,1.034   ,5.248   ,7.853   ,1.13   ,5.324   ,7.834   ,1.11   ,5.382   ,7.891   ,1.11   ,5.382   ,7.891   ,1.168   ,5.42   ,7.891   ,1.13   ,5.497   ,7.929   ,1.206   ,5.42   ,7.834   ,1.206   ,5.42   ,7.834   ,1.321   ,5.516   ,7.719   ,1.972   ,5.554   ,7.891   ,1.972   ,5.554   ,7.891   ,2.336   ,5.344   ,8.102   ,2.375   ,4.807   ,8.025   ,2.183   ,4.597   ,7.776   ,2.183   ,4.597   ,7.776   ,1.513   ,4.597   ,7.546   ,1.513   ,4.597   ,7.546   ,0.996   ,4.577   ,7.565   ,0.612   ,4.98   ,7.508   ,0.612   ,4.98   ,7.508   ,0.555   ,4.903   ,8.14   ,0.555   ,4.903   ,8.14   ,0.747   ,4.769   ,8.312   ,0.938   ,4.405   ,8.14   ,0.938   ,4.405   ,8.14   ,0.919   ,4.099   ,8.312   ,0.555   ,3.945   ,8.638   ,0.555   ,3.945   ,8.638   ,0.287   ,4.156   ,8.696   ,0.134   ,4.386   ,8.37   ,0.134   ,4.386   ,8.37   ,-0.095   ,4.482   ,8.791   ,-0.038   ,4.597   ,8.676   ,0.114   ,4.654   ,8.561   ,0.114   ,4.654   ,8.561   ,0.593   ,4.654   ,8.6   ,0.593   ,4.654   ,8.6   ,0.708   ,4.635   ,8.504   ,0.708   ,4.635   ,8.504   ,0.708   ,4.597   ,8.293   ,0.766   ,4.577   ,8.408   ,1.015   ,4.577   ,8.523   ,1.13   ,4.539   ,8.312   ,1.13   ,4.539   ,8.312   ,1.053   ,4.558   ,8.198   ,1.053   ,4.558   ,8.198   ,1.11   ,4.577   ,8.217   ,1.053   ,4.539   ,8.236   ,0.919   ,4.443   ,8.217   ,0.919   ,4.443   ,8.217   ,0.996   ,4.462   ,8.332   ,0.996   ,4.462   ,8.332   ,0.919   ,4.539   ,8.159   ,0.919   ,4.539   ,8.159   ,0.689   ,4.616   ,8.14   ,0.708   ,4.654   ,8.217   ,0.766   ,4.731   ,8.389   ,0.766   ,4.731   ,8.389   ,0.881   ,4.731   ,8.427   ,0.957   ,4.769   ,8.466   ,0.996   ,4.731   ,8.408   ,0.996   ,4.731   ,8.408   ,1.034   ,4.654   ,8.389   ,1.034   ,4.654   ,8.389   ,1.034   ,4.635   ,8.293   ,0.785   ,4.635   ,8.044   ,0.612   ,4.654   ,7.91   ,0.612   ,4.654   ,7.91   ,0.574   ,4.731   ,7.91   ,0.612   ,4.673   ,7.949   ,0.612   ,4.673   ,7.949   ,0.689   ,4.711   ,8.217   ,0.766   ,4.807   ,8.274   ,0.766   ,4.807   ,8.274   ,0.9   ,4.731   ,8.37   ,0.9   ,4.731   ,8.37   ,0.9   ,4.635   ,8.6   ,0.766   ,4.597   ,8.447   ,0.766   ,4.597   ,8.447   ,0.478   ,4.462   ,8.159   ,0.478   ,4.462   ,8.159   ,0.421   ,4.271   ,7.949   ,0.421   ,4.271   ,7.949   ,0.727   ,4.328   ,8.198   ,1.206   ,4.424   ,8.255   ,1.206   ,4.424   ,8.255   ,1.359   ,4.348   ,8.293   ,1.417   ,4.194   ,8.504   ,1.417   ,4.194   ,8.504   ,1.379   ,4.099   ,8.504   ,1.436   ,4.06   ,8.791   ,1.666   ,3.984   ,8.925   ,1.972   ,3.869   ,8.696   ,1.972   ,3.869   ,8.696   ,2.011   ,3.754   ,8.561   ,1.838   ,3.773   ,8.332   ,1.608   ,3.907   ,8.198   ,1.608   ,3.907   ,8.198   ,1.302   ,4.156   ,8.083   ,1.302   ,4.156   ,8.083   ,1.168   ,4.309   ,8.14   ,1.072   ,4.462   ,8.447   ,1.072   ,4.462   ,8.447   ,1.053   ,4.539   ,8.466   ,0.976   ,4.482   ,8.561   ,0.919   ,4.501   ,8.676   ,0.919   ,4.501   ,8.676   ,0.938   ,4.462   ,8.542   ,0.957   ,4.386   ,8.351   ,0.957   ,4.386   ,8.351   ,1.015   ,4.252   ,8.255   ,1.015   ,4.252   ,8.255   ,1.072   ,4.194   ,8.198   ,1.13   ,4.175   ,8.159   ,1.13   ,4.213   ,8.198   ,1.13   ,4.213   ,8.198   ,0.957   ,4.175   ,8.217   ,0.957   ,4.175   ,8.217   ,0.785   ,4.118   ,8.236   ,0.574   ,4.022   ,8.178   ,0.574   ,4.022   ,8.178   ,0.44   ,4.06   ,8.236   ,0.421   ,4.213   ,8.236   ,0.574   ,4.386   ,8.312   ,0.574   ,4.386   ,8.312   ,0.842   ,4.673   ,8.504   ,0.842   ,4.673   ,8.504   ,1.034   ,4.654   ,8.561   ,1.053   ,4.558   ,8.523   ,1.053   ,4.558   ,8.523   ,1.091   ,4.022   ,8.332   ,0.708   ,4.137   ,8.006   ,0.708   ,4.137   ,8.006   ,0.574   ,4.252   ,7.987   ,0.574   ,4.252   ,7.987   ,0.996   ,4.539   ,7.757   ,1.398   ,4.865   ,7.7   ,1.398   ,4.865   ,7.7   ,2.068   ,5.669   ,7.278   ,2.068   ,5.669   ,7.278   ,1.934   ,6.263   ,7.048   ,1.934   ,6.263   ,7.048   ,1.302   ,6.914   ,6.665   ,0.938   ,7.144   ,6.761   ,0.938   ,7.144   ,6.761   ,0.632   ,7.489   ,6.742   ,0.593   ,7.661   ,6.704   ,0.593   ,7.661   ,6.704   ,0.574   ,8.983   ,6.627   ,0.574   ,8.983   ,6.627   ,1.11   ,8.37   ,7.316   ,0.689   ,5.899   ,6.818   ,0.689   ,5.899   ,6.818   ,0.44   ,5.324   ,7.125   ,0.536   ,5.631   ,7.182   ,0.708   ,5.956   ,7.259   ,0.708   ,5.956   ,7.259   ,0.919   ,6.071   ,7.259   ,1.187   ,3.964   ,5.535   ,1.187   ,3.964   ,5.535   ,0.708   ,7.202   ,7.508   ,0.823   ,6.167   ,8.198   ,0.823   ,6.167   ,8.198   ,1.283   ,5.727   ,7.278   ,1.283   ,5.727   ,7.278   ,1.455   ,6.071   ,7.68   ,1.053   ,5.784   ,7.316   ,1.053   ,5.784   ,7.316   ,0.9   ,5.688   ,7.202   ,0.9   ,5.688   ,7.202   ,0.306   ,5.995   ,6.972   ,0.306   ,5.995   ,6.972   ,0.249   ,6.665   ,7.834   ,0.249   ,6.665   ,7.834   ,0.804   ,6.186   ,7.182   ,1.149   ,6.416   ,7.623   ,1.34   ,6.091   ,7.489   ,1.34   ,6.091   ,7.489   ,1.149   ,5.497   ,7.795   ,1.149   ,5.497   ,7.795   ,0.019   ,4.711   ,7.949   ,-0.114   ,4.635   ,7.546   ,-0.114   ,4.635   ,7.546   ,0.593   ,5.248   ,7.278   ,0.593   ,5.248   ,7.278   ,0.402   ,5.707   ,7.489   ,0.038   ,5.784   ,7.91   ,0.153   ,5.669   ,7.891   ,0.363   ,5.554   ,7.738   ,0.363   ,5.554   ,7.738   ,0.612   ,5.458   ,7.795   ,0.612   ,5.458   ,7.795   ,0.766   ,5.324   ,8.063   ,0.708   ,5.344   ,7.949   ,0.708   ,5.344   ,7.949   ,0.459   ,5.401   ,7.891   ,0.459   ,5.401   ,7.891   ,0.478   ,5.497   ,7.795   ,0.478   ,5.497   ,7.795   ,0.402   ,5.478   ,7.623   ,0.402   ,5.478   ,7.623   ,0.306   ,5.497   ,7.565   ,0.306   ,5.497   ,7.565   ,0.287   ,5.535   ,7.489   ,0.306   ,5.593   ,7.508   ,0.363   ,5.573   ,7.776   ,0.363   ,5.573   ,7.776   ,0.555   ,5.631   ,7.776   ,0.555   ,5.593   ,7.527   ,0.555   ,5.593   ,7.527   ,0.517   ,5.573   ,7.604   ,0.517   ,5.573   ,7.604   ,0.574   ,5.593   ,7.604   ,0.67   ,5.573   ,7.7   ,0.689   ,5.554   ,7.7   ,0.689   ,5.554   ,7.7   ,0.689   ,5.535   ,7.719   ,0.689   ,5.535   ,7.719   ,0.727   ,5.535   ,7.738   ,0.708   ,5.497   ,7.719   ,0.708   ,5.497   ,7.719   ,0.555   ,5.497   ,7.642   ,0.478   ,5.516   ,7.68   ,0.478   ,5.497   ,7.585   ,0.478   ,5.497   ,7.585   ,0.498   ,5.516   ,7.585   ,0.459   ,5.516   ,7.585   ,0.459   ,5.516   ,7.585   ,0.517   ,5.516   ,7.661   ,0.517   ,5.516   ,7.661   ,0.67   ,5.497   ,7.68   ,0.766   ,5.573   ,7.757   ,0.747   ,5.554   ,7.738   ,0.747   ,5.554   ,7.738   ,0.689   ,5.458   ,7.642   ,0.555   ,5.439   ,7.546   ,0.478   ,5.516   ,7.546   ,0.478   ,5.516   ,7.546   ,0.593   ,5.535   ,7.834   ,0.785   ,5.516   ,8.236   ,1.015   ,5.478   ,8.523   ,1.015   ,5.478   ,8.523   ,0.9   ,5.363   ,8.389   ,0.727   ,5.133   ,7.987   ,0.651   ,5.056   ,7.872   ,0.651   ,5.056   ,7.872   ,0.651   ,5.19   ,7.508   ,0.766   ,5.209   ,7.527   ,1.321   ,4.865   ,7.968   ,1.321   ,4.865   ,7.968   ,1.589   ,4.52   ,8.121   ,1.8   ,4.213   ,8.159   ,1.8   ,4.213   ,8.159   ,1.723   ,4.213   ,8.332   ,1.723   ,4.213   ,8.332   ,1.551   ,4.462   ,8.198   ,1.187   ,4.654   ,8.159   ,1.187   ,4.654   ,8.159   ,1.015   ,4.597   ,8.178   ,1.015   ,4.597   ,8.178   ,1.015   ,4.386   ,8.121   ,1.091   ,4.194   ,8.083   ,1.225   ,4.194   ,7.968   ,1.225   ,4.194   ,7.968   ,1.091   ,4.309   ,8.447   ,1.072   ,4.443   ,8.312   ,1.072   ,4.443   ,8.312   ,1.015   ,4.558   ,8.389   ,1.015   ,4.558   ,8.389   ,0.976   ,4.654   ,8.6   ,1.034   ,4.616   ,8.6   ,1.034   ,4.616   ,8.6   ,1.13   ,4.692   ,8.37   ,1.13   ,4.692   ,8.37   ,1.13   ,4.673   ,8.37   ,1.053   ,4.597   ,8.217   ,1.053   ,4.558   ,8.217   ,1.053   ,4.558   ,8.217   ,1.091   ,4.539   ,8.159   ,1.091   ,4.539   ,8.159   ,1.13   ,4.52   ,8.274   ,1.168   ,4.558   ,8.332   ,1.168   ,4.558   ,8.332   ,1.187   ,4.501   ,8.217   ,1.168   ,4.443   ,8.178   ,1.168   ,4.405   ,8.14   ,1.168   ,4.405   ,8.14   ,0.881   ,4.386   ,8.274   ,0.881   ,4.386   ,8.274   ,0.727   ,4.424   ,8.351   ,0.651   ,4.52   ,8.523   ,0.651   ,4.52   ,8.523   ,0.804   ,4.443   ,8.581   ,0.804   ,4.443   ,8.581   ,0.766   ,4.405   ,8.37   ,0.804   ,4.29   ,8.332   ,0.804   ,4.29   ,8.332   ,0.976   ,4.194   ,8.332   ,0.957   ,4.041   ,8.408   ,0.957   ,4.041   ,8.408   ,0.938   ,3.888   ,8.523   ,0.938   ,3.888   ,8.523   ,0.938   ,3.715   ,8.638   ,0.881   ,3.39   ,8.657   ,0.881   ,3.39   ,8.657   ,0.957   ,3.371   ,8.696   ,0.957   ,3.371   ,8.696   ,1.359   ,3.715   ,8.542   ,1.551   ,4.041   ,8.523   ,1.608   ,4.424   ,8.542   ,1.608   ,4.424   ,8.542   ,1.474   ,4.654   ,8.542   ,1.474   ,4.654   ,8.542   ,1.168   ,4.96   ,8.217   ,1.168   ,4.96   ,8.217   ,0.881   ,5.152   ,8.14   ,0.517   ,5.344   ,8.102   ,0.268   ,5.305   ,8.006   ,0.134   ,5.248   ,7.757   ,0.134   ,5.248   ,7.757   ,0.114   ,5.324   ,7.68   ,0.229   ,5.497   ,7.719   ,0.229   ,5.497   ,7.719   ,0.268   ,5.593   ,7.776   ,0.268   ,5.593   ,7.776   ,-0.191   ,5.784   ,7.834   ,0.019   ,5.976   ,7.968   ,0.019   ,5.746   ,7.795   ,0.019   ,5.746   ,7.795   ,0.038   ,5.305   ,7.7   ,0.249   ,4.98   ,7.834   ,0.344   ,4.96   ,7.91   ,0.344   ,4.96   ,7.91   ,0.536   ,5.075   ,8.025   ,0.498   ,5.095   ,8.025   ,0.498   ,5.095   ,8.025   ,0.574   ,5.056   ,7.929   ,0.574   ,5.056   ,7.929   ,0.785   ,4.922   ,7.738   ,0.785   ,5.497   ,7.374   ,0.421   ,5.995   ,8.255   ,0.421   ,5.995   ,8.255   ,0.134   ,6.244   ,8.983   ,-0.076   ,5.995   ,7.221   ,-0.076   ,5.995   ,7.221   ,0.114   ,5.248   ,7.355   ,0.421   ,5.248   ,7.623   ,0.421   ,5.248   ,7.623   ,0.517   ,4.807   ,7.987   ,0.517   ,4.807   ,7.987   ,0.651   ,4.865   ,7.872   ,0.651   ,4.865   ,7.872   ,0.67   ,5.114   ,7.891   ,0.421   ,5.248   ,7.872   ,0.076   ,5.612   ,7.853   ,0.076   ,5.612   ,7.853   ,-0.114   ,5.593   ,7.853   ,-0.114   ,5.593   ,7.853   ,-0.287   ,5.554   ,7.795   ,-0.287   ,5.554   ,7.795   ,-0.229   ,5.42   ,7.757   ,-0.095   ,5.458   ,7.814   ,0.038   ,5.344   ,7.872   ,0.038   ,5.344   ,7.872   ,0.134   ,5.133   ,8.006   ,0.134   ,5.133   ,8.006   ,0.038   ,5.075   ,7.987   ,0.019   ,5.018   ,8.025   ,0.019   ,5.018   ,8.025   ,-0.057   ,5.305   ,7.929   ,-0.057   ,5.497   ,7.891   ,-0.057   ,5.497   ,7.891   ,-0.114   ,5.612   ,7.795   ,-0.172   ,5.593   ,7.68   ,-0.172   ,5.593   ,7.68   ,-0.229   ,5.631   ,7.661   ,-0.229   ,5.631   ,7.661   ,-0.249   ,5.612   ,7.661   ,-0.229   ,5.535   ,7.738   ,-0.229   ,5.535   ,7.738   ,-0.191   ,5.458   ,7.795   ,-0.076   ,5.324   ,7.853   ,0.076   ,5.19   ,7.968   ,0.076   ,5.19   ,7.968   ,0.076   ,5.229   ,7.968   ,0.0   ,5.286   ,7.853   ,0.0   ,5.286   ,7.853   ,-0.038   ,5.324   ,7.814   ,-0.172   ,5.42   ,7.834   ,-0.229   ,5.401   ,7.795   ,-0.229   ,5.401   ,7.795   ,-0.21   ,5.439   ,7.795   ,-0.191   ,5.497   ,7.814   ,-0.191   ,5.497   ,7.814   ,-0.172   ,5.478   ,7.814   ,-0.134   ,5.401   ,7.834   ,-0.134   ,5.401   ,7.834   ,-0.114   ,5.401   ,7.814   ,-0.114   ,5.401   ,7.814   ,-0.153   ,5.439   ,7.795   ,-0.153   ,5.439   ,7.795   ,-0.229   ,5.401   ,7.795   ,-0.172   ,5.344   ,7.795   ,-0.153   ,5.267   ,7.814   ,-0.153   ,5.344   ,7.795   ,-0.153   ,5.344   ,7.795   ,-0.191   ,5.42   ,7.738   ,-0.172   ,5.478   ,7.7   ,-0.153   ,5.593   ,7.642   ,-0.134   ,5.65   ,7.623   ,-0.134   ,5.65   ,7.623   ,-0.114   ,5.612   ,7.642   ,-0.114   ,5.612   ,7.642   ,-0.153   ,5.554   ,7.719   ,-0.172   ,5.516   ,7.719   ,-0.114   ,5.363   ,7.757   ,-0.134   ,5.344   ,7.814   ,-0.134   ,5.344   ,7.814   ,-0.191   ,5.382   ,7.814   ,-0.191   ,5.382   ,7.814   ,-0.153   ,5.382   ,7.757   ,-0.21   ,5.497   ,7.757   ,-0.21   ,5.497   ,7.757   ,-0.249   ,5.516   ,7.776   ,-0.21   ,5.516   ,7.814   ,-0.249   ,5.478   ,7.795   ,-0.249   ,5.478   ,7.795   ,-0.249   ,5.382   ,7.795   ,-0.21   ,5.324   ,7.776   ,-0.21   ,5.324   ,7.776   ,-0.191   ,5.324   ,7.795   ,-0.229   ,5.439   ,7.891   ,-0.229   ,5.439   ,7.891   ,-0.268   ,5.382   ,7.872   ,-0.268   ,5.382   ,7.872   ,-0.268   ,5.382   ,7.834   ,-0.229   ,5.344   ,7.776   ,-0.229   ,5.344   ,7.776   ,-0.21   ,5.305   ,7.853   ,-0.172   ,5.344   ,7.872   ,-0.172   ,5.344   ,7.872   ,-0.268   ,5.439   ,7.795   ,-0.268   ,5.439   ,7.795   ,-0.287   ,5.439   ,7.776   ,-0.287   ,5.478   ,7.834   ,-0.287   ,5.478   ,7.834   ,-0.268   ,5.439   ,7.834   ,-0.21   ,5.267   ,7.834   ,-0.21   ,5.267   ,7.834   ,-0.268   ,5.382   ,7.853   ,-0.268   ,5.382   ,7.853   ,-0.268   ,5.305   ,7.853   ,-0.249   ,5.305   ,7.872   ,-0.249   ,5.305   ,7.872   ,-0.268   ,5.382   ,7.853   ,-0.268   ,5.439   ,7.853   ,-0.268   ,5.439   ,7.853   ,-0.21   ,5.344   ,7.776   ,-0.21   ,5.344   ,7.776   ,-0.21   ,5.382   ,7.834   ,-0.268   ,5.324   ,7.814   ,-0.268   ,5.324   ,7.814   ,-0.268   ,5.344   ,7.834   ,-0.287   ,5.42   ,7.814   ,-0.287   ,5.42   ,7.814   ,-0.287   ,5.439   ,7.795   ,-0.287   ,5.439   ,7.795   ,-0.249   ,5.363   ,7.853   ,-0.268   ,5.305   ,7.814   ,-0.268   ,5.305   ,7.814   ,-0.229   ,5.267   ,7.814   ,-0.191   ,5.267   ,7.891   ,-0.191   ,5.267   ,7.891   ,-0.268   ,5.209   ,7.968   ,-0.268   ,5.209   ,7.968   ,-0.21   ,5.075   ,8.063   ,-0.306   ,4.941   ,7.987   ,-0.306   ,4.941   ,7.987   ,-0.325   ,5.171   ,8.006   ,-0.383   ,5.439   ,7.814   ,-0.363   ,5.535   ,7.661   ,-0.363   ,5.535   ,7.661   ,-0.325   ,5.554   ,7.623   ,-0.344   ,5.516   ,7.738   ,-0.459   ,5.497   ,7.719   ,-0.536   ,5.439   ,7.661   ,-0.536   ,5.439   ,7.661   ,-0.574   ,5.305   ,7.68   ,-0.402   ,5.037   ,7.814   ,-0.402   ,5.037   ,7.814   ,-0.249   ,4.941   ,8.063   ,-0.249   ,4.941   ,8.063   ,-0.191   ,5.056   ,8.255   ,-0.249   ,5.267   ,8.351   ,-0.249   ,5.267   ,8.351   ,-0.306   ,5.171   ,8.217   ,-0.306   ,5.171   ,8.217   ,-0.344   ,5.19   ,8.044   ,-0.344   ,5.19   ,8.044   ,-0.306   ,4.999   ,8.006   ,-0.249   ,4.884   ,8.006   ,-0.268   ,5.171   ,8.561   ,-0.268   ,5.171   ,8.561   ,-0.498   ,5.075   ,8.083   ,-0.383   ,5.363   ,7.24   ,-0.383   ,5.363   ,7.24   ,-0.421   ,5.842   ,7.355   ,-0.421   ,5.842   ,7.355   ,-0.191   ,5.631   ,7.316   ,-0.287   ,5.458   ,7.661   ,-0.287   ,5.458   ,7.661   ,-0.402   ,5.344   ,7.853   ,-0.459   ,5.363   ,7.987   ,-0.421   ,5.535   ,8.063   ,-0.421   ,5.535   ,8.063   ,-0.172   ,5.497   ,8.044   ,0.153   ,5.248   ,7.968   ,0.153   ,5.248   ,7.968   ,0.344   ,5.056   ,8.006   ,0.229   ,5.133   ,8.025   ,0.229   ,5.133   ,8.025   ,0.076   ,5.171   ,8.006   ,0.076   ,5.171   ,8.006   ,-0.019   ,5.229   ,8.025   ,-0.057   ,5.267   ,8.025   ,-0.057   ,5.267   ,8.025   ,-0.038   ,5.133   ,8.063   ,-0.153   ,5.171   ,8.044   ,-0.153   ,5.171   ,8.044   ,-0.249   ,5.248   ,8.006   ,-0.249   ,5.248   ,8.006   ,-0.172   ,5.075   ,7.949   ,-0.249   ,5.152   ,7.968   ,-0.249   ,5.152   ,7.968   ,-0.363   ,5.363   ,7.891   ,-0.325   ,5.209   ,7.776   ,-0.325   ,5.209   ,7.776   ,-0.268   ,5.248   ,7.814   ,-0.268   ,5.248   ,7.814   ,-0.229   ,5.401   ,7.834   ,-0.268   ,5.363   ,7.872   ,-0.268   ,5.363   ,7.872   ,-0.287   ,5.401   ,7.872   ,-0.325   ,5.497   ,7.968   ,-0.325   ,5.497   ,7.968   ,-0.153   ,5.497   ,7.987   ,-0.153   ,5.497   ,7.987   ,-0.114   ,4.807   ,7.776   ,-0.306   ,5.19   ,7.872   ,-0.306   ,5.19   ,7.872   ,-0.363   ,5.458   ,8.255   ,-0.229   ,5.478   ,7.987   ,-0.229   ,5.478   ,7.987   ,-0.191   ,5.497   ,7.795   ,-0.191   ,5.497   ,7.795   ,0.057   ,5.363   ,7.834   ,0.306   ,5.229   ,7.872   ,0.306   ,5.229   ,7.872   ,0.402   ,5.133   ,7.968   ,0.363   ,5.095   ,7.853   ,0.249   ,5.018   ,7.929   ,0.249   ,5.018   ,7.929   ,0.191   ,5.075   ,8.102   ,0.268   ,5.229   ,8.102   ,0.268   ,5.229   ,8.102   ,0.325   ,5.209   ,8.159   ,0.306   ,5.114   ,8.063   ,0.306   ,5.114   ,8.063   ,0.325   ,5.056   ,8.006   ,0.325   ,5.056   ,8.006   ,0.306   ,4.865   ,8.063   ,0.191   ,4.75   ,8.025   ,0.191   ,4.75   ,8.025   ,-0.095   ,4.711   ,7.968   ,-0.095   ,4.711   ,7.968   ,-0.172   ,4.769   ,7.968   ,-0.153   ,4.846   ,7.949   ,-0.153   ,4.846   ,7.949   ,0.019   ,5.018   ,8.102   ,0.402   ,5.19   ,8.198   ,0.402   ,5.19   ,8.198   ,0.459   ,5.229   ,8.006   ,0.421   ,5.363   ,8.159   ,0.344   ,5.497   ,8.044   ,0.344   ,5.497   ,8.044   ,0.363   ,5.478   ,7.891   ,0.306   ,5.363   ,7.776   ,0.306   ,5.363   ,7.776   ,0.268   ,5.209   ,7.719   ,0.249   ,5.229   ,7.68   ,0.249   ,5.229   ,7.68   ,0.21   ,5.324   ,7.719   ,0.21   ,5.324   ,7.719   ,0.249   ,5.382   ,7.738   ,0.344   ,5.42   ,7.834   ,0.344   ,5.42   ,7.834   ,0.344   ,5.382   ,7.795   ,0.344   ,5.42   ,7.814   ,0.325   ,5.439   ,7.795   ,0.325   ,5.439   ,7.795   ,0.287   ,5.458   ,7.872   ,0.287   ,5.458   ,7.872   ,0.306   ,5.478   ,7.872   ,0.306   ,5.478   ,7.872   ,0.249   ,5.458   ,7.853   ,0.249   ,5.439   ,7.834   ,0.229   ,5.401   ,7.814   ,0.229   ,5.401   ,7.814   ,0.229   ,5.344   ,7.776   ,0.287   ,5.401   ,7.872   ,0.287   ,5.401   ,7.872   ,0.363   ,5.401   ,7.91   ,0.536   ,5.286   ,7.834   ,0.536   ,5.286   ,7.834   ,0.555   ,5.171   ,7.834   ,0.555   ,5.171   ,7.834   ,0.536   ,5.133   ,7.929   ,0.517   ,5.19   ,7.891   ,0.517   ,5.19   ,7.891   ,0.555   ,5.19   ,7.795   ,0.536   ,5.152   ,7.834   ,0.536   ,5.152   ,7.834   ,0.593   ,5.209   ,7.795   ,0.593   ,5.209   ,7.795   ,0.632   ,5.248   ,7.814   ,0.727   ,5.248   ,7.91   ,0.727   ,5.248   ,7.91   ,0.727   ,5.229   ,7.929   ,0.689   ,5.152   ,7.949   ,0.689   ,5.152   ,7.949   ,0.727   ,5.133   ,8.025   ,0.727   ,5.133   ,8.025   ,0.708   ,5.075   ,8.044   ,0.67   ,5.018   ,8.044   ,0.689   ,4.903   ,8.159   ,0.727   ,4.903   ,8.102   ,0.727   ,4.903   ,8.102   ,0.766   ,4.884   ,8.063   ,0.766   ,4.884   ,8.063   ,0.861   ,4.922   ,8.044   ,0.766   ,5.018   ,7.968   ,0.766   ,5.095   ,7.853   ,0.574   ,5.19   ,7.834   ,0.574   ,5.19   ,7.834   ,0.536   ,5.267   ,7.795   ,0.536   ,5.267   ,7.795   ,0.459   ,5.363   ,7.776   ,0.44   ,5.324   ,7.853   ,0.44   ,5.324   ,7.853   ,0.421   ,5.267   ,7.949   ,0.44   ,5.267   ,8.006   ,0.498   ,5.19   ,8.025   ,0.498   ,5.19   ,8.025   ,0.517   ,5.152   ,8.063   ,0.555   ,5.152   ,8.121   ,0.593   ,5.152   ,8.14   ,0.593   ,5.152   ,8.14   ,0.536   ,5.171   ,8.063   ,0.536   ,5.19   ,8.006   ,0.555   ,5.229   ,7.91   ,0.555   ,5.229   ,7.91   ,0.574   ,5.171   ,7.795   ,0.574   ,5.171   ,7.795   ,0.689   ,5.229   ,7.853   ,0.67   ,5.229   ,7.91   ,0.67   ,5.229   ,7.91   ,0.651   ,5.171   ,7.949   ,0.651   ,5.171   ,7.949   ,0.632   ,5.171   ,8.025   ,0.67   ,5.152   ,8.025   ,0.67   ,5.152   ,8.025   ,0.67   ,5.19   ,8.063   ,0.612   ,5.171   ,8.083   ,0.612   ,5.171   ,8.083   ,0.632   ,5.152   ,8.063   ,0.632   ,5.152   ,8.063   ,0.632   ,5.19   ,8.083   ,0.651   ,5.267   ,8.121   ,0.708   ,5.363   ,8.293   ,0.804   ,5.458   ,8.389   ,0.804   ,5.458   ,8.389   ,0.957   ,5.535   ,8.542   ,1.11   ,5.612   ,8.676   ,1.149   ,5.65   ,8.734   ,1.149   ,5.65   ,8.734   ,1.13   ,5.669   ,8.772   ,1.11   ,5.573   ,8.791   ,1.11   ,5.573   ,8.791   ,1.283   ,5.305   ,8.561   ,1.743   ,4.826   ,7.834   ,1.57   ,4.539   ,8.14   ,1.57   ,4.539   ,8.14   ,1.398   ,4.271   ,8.293   ,1.225   ,3.926   ,8.523   ,1.225   ,3.926   ,8.523   ,0.9   ,3.409   ,9.5   ,0.9   ,3.409   ,9.5   ,1.245   ,3.045   ,9.347   ,2.049   ,2.528   ,9.136   ,2.662   ,2.087   ,8.925   ,2.662   ,2.087   ,8.925   ,3.313   ,1.474   ,8.715   ,3.313   ,1.474   ,8.715   ,3.505   ,1.321   ,8.734   ,3.677   ,1.072   ,9.557   ,3.677   ,1.072   ,9.557   ,3.888   ,0.747   ,10.017   ,4.328   ,0.019   ,9.826   ,4.29   ,-0.44   ,9.481   ,4.29   ,-0.44   ,9.481   ,4.577   ,-0.747   ,8.447   ,4.654   ,-1.072   ,7.661   ,4.654   ,-1.072   ,7.661   ,3.543   ,-1.608   ,6.972   ,3.543   ,-1.608   ,6.972   ,3.217   ,-1.666   ,6.493   ,3.179   ,-1.57   ,5.765   ,3.16   ,-1.513   ,5.478   ,3.16   ,-1.513   ,5.478   ,3.102   ,-1.398   ,5.363   ,3.045   ,-1.11   ,5.382   ,3.198   ,-0.555   ,5.976   ,3.198   ,-0.555   ,5.976   ,3.332   ,-0.076   ,6.627   ,3.313   ,0.785   ,7.7   ,3.275   ,1.417   ,9.098   ,3.275   ,1.417   ,9.098   ,3.486   ,2.336   ,13.293   ,3.486   ,2.336   ,13.293   ,3.39   ,2.911   ,14.04   ,3.466   ,2.949   ,11.76   ,3.466   ,2.949   ,11.76   ,2.815   ,2.777   ,9.423   ,2.643   ,2.7   ,8.81   ,2.892   ,2.624   ,8.906   ,2.892   ,2.624   ,8.906   ,2.815   ,2.758   ,9.136   ,2.547   ,3.064   ,9.098   ,2.432   ,3.198   ,8.983   ,2.432   ,3.198   ,8.983   ,2.49   ,3.256   ,8.772   ,2.528   ,3.39   ,8.734   ,2.547   ,3.466   ,8.753   ,2.547   ,3.466   ,8.753   ,2.547   ,3.486   ,8.734   ,2.509   ,3.39   ,8.485   ,2.375   ,3.237   ,8.753   ,2.375   ,3.237   ,8.753   ,2.298   ,3.083   ,8.676   ,2.298   ,3.083   ,8.676   ,2.451   ,3.026   ,8.734   ,2.566   ,3.217   ,8.83   ,2.566   ,3.217   ,8.83   ,2.375   ,3.371   ,8.868   ,1.857   ,3.658   ,8.83   ,1.608   ,3.773   ,8.772   ,1.608   ,3.773   ,8.772   ,1.666   ,3.83   ,8.619   ,2.03   ,3.869   ,8.37   ,2.03   ,3.869   ,8.37   ,2.739   ,3.888   ,8.274   ,2.739   ,3.888   ,8.274   ,3.16   ,3.869   ,8.37   ,3.409   ,3.811   ,8.198   ,3.409   ,3.811   ,8.198   ,3.562   ,3.639   ,7.929   ,3.696   ,3.409   ,7.853   ,3.754   ,3.313   ,8.102   ,3.601   ,3.198   ,8.178   ,3.601   ,3.198   ,8.178   ,3.543   ,3.045   ,8.159   ,3.754   ,2.873   ,8.389   ,3.85   ,2.777   ,8.542   ,3.85   ,2.777   ,8.542   ,3.869   ,2.719   ,8.581   ,3.907   ,2.643   ,8.638   ,3.907   ,2.643   ,8.638   ,3.811   ,2.509   ,8.427   ,3.811   ,2.509   ,8.427   ,3.735   ,2.528   ,8.178   ,3.811   ,2.796   ,8.37   ,3.792   ,2.968   ,8.236   ,3.792   ,2.968   ,8.236   ,3.677   ,3.332   ,8.581   ,3.524   ,3.409   ,8.504   ,3.332   ,3.217   ,8.14   ,3.332   ,3.217   ,8.14   ,3.371   ,3.256   ,8.255   ,3.294   ,3.371   ,8.293   ,3.486   ,3.179   ,8.293   ,3.486   ,3.179   ,8.293   ,3.313   ,3.141   ,8.964   ,3.313   ,3.141   ,8.964   ,3.275   ,3.294   ,9.174   ,3.543   ,3.773   ,8.81   ,3.543   ,3.773   ,8.81   ,3.677   ,3.754   ,8.447   ,3.601   ,3.275   ,8.217   ,3.562   ,2.758   ,8.006   ,3.562   ,2.758   ,8.006   ,3.792   ,1.953   ,7.661   ,4.099   ,1.494   ,7.47   ,4.099   ,1.494   ,7.47   ,4.635   ,1.13   ,7.297   ,4.635   ,1.13   ,7.297   ,4.865   ,1.245   ,7.355   ,5.056   ,1.072   ,7.508   ,5.267   ,0.996   ,7.431   ,5.267   ,0.996   ,7.431   ,5.305   ,0.727   ,7.814   ,5.305   ,0.727   ,7.814   ,5.018   ,0.689   ,7.872   ,5.018   ,0.689   ,7.872   ,4.769   ,-0.076   ,8.178   ,4.769   ,-0.076   ,8.178   ,4.06   ,0.0   ,8.198   ,4.922   ,0.383   ,8.447   ,4.807   ,0.689   ,8.485   ,4.807   ,0.689   ,8.485   ,4.654   ,0.996   ,8.198   ,4.597   ,1.149   ,8.351   ,4.597   ,1.149   ,8.351   ,4.386   ,1.436   ,9.04   ,4.386   ,1.436   ,9.04   ,4.252   ,1.685   ,9.136   ,3.945   ,1.953   ,8.715   ,3.62   ,2.106   ,8.619   ,3.907   ,2.183   ,8.332   ,3.907   ,2.183   ,8.332   ,4.194   ,2.317   ,8.485   ,4.386   ,2.681   ,8.868   ,4.386   ,2.681   ,8.868   ,4.194   ,2.834   ,8.542   ,3.85   ,2.892   ,8.121   ,3.754   ,2.853   ,8.044   ,3.754   ,2.853   ,8.044   ,3.773   ,2.796   ,8.121   ,3.754   ,2.777   ,8.102   ,3.754   ,2.777   ,8.102   ,3.83   ,2.815   ,7.987   ,3.83   ,2.815   ,7.987   ,3.907   ,2.758   ,8.025   ,3.907   ,2.758   ,8.025   ,4.06   ,2.681   ,8.006   ,4.118   ,2.719   ,7.987   ,4.156   ,2.7   ,8.121   ,4.118   ,2.662   ,8.274   ,3.907   ,2.566   ,8.332   ,3.907   ,2.566   ,8.332   ,3.754   ,2.509   ,8.389   ,3.658   ,2.451   ,8.485   ,3.62   ,2.394   ,8.561   ,3.62   ,2.394   ,8.561   ,3.658   ,2.375   ,8.619   ,3.696   ,2.317   ,8.6   ,3.696   ,2.317   ,8.6   ,3.658   ,2.183   ,8.581   ,3.658   ,2.183   ,8.581   ,3.696   ,2.164   ,8.581   ,3.696   ,2.202   ,8.581   ,3.696   ,2.202   ,8.581   ,3.677   ,2.183   ,8.581   ,3.677   ,2.183   ,8.581   ,3.658   ,2.202   ,8.6   ,3.677   ,2.183   ,8.638   ,3.601   ,2.202   ,8.638   ,3.601   ,2.202   ,8.638   ,3.524   ,2.221   ,8.657   ,3.447   ,2.279   ,8.734   ,3.39   ,2.317   ,8.715   ,3.39   ,2.317   ,8.715   ,3.371   ,2.375   ,8.696   ,3.409   ,2.47   ,8.638   ,3.409   ,2.47   ,8.6   ,3.409   ,2.47   ,8.6   ,3.409   ,2.509   ,8.581   ,3.409   ,2.509   ,8.581   ,3.39   ,2.566   ,8.427   ,3.409   ,2.585   ,8.447   ,3.409   ,2.585   ,8.447   ,3.332   ,2.681   ,8.504   ,3.217   ,2.7   ,8.581   ,3.064   ,2.758   ,8.619   ,3.064   ,2.758   ,8.619   ,3.007   ,2.796   ,8.6   ,2.949   ,2.796   ,8.638   ,2.93   ,2.873   ,8.619   ,2.93   ,2.873   ,8.619   ,2.853   ,2.873   ,8.581   ,2.834   ,2.911   ,8.561   ,2.853   ,2.968   ,8.6   ,2.777   ,3.007   ,8.581   ,2.681   ,3.045   ,8.638   ,2.624   ,3.045   ,8.657   ,2.624   ,3.045   ,8.657   ,2.47   ,3.102   ,8.657   ,2.394   ,3.122   ,8.696   ,2.317   ,3.179   ,8.753   ,2.317   ,3.179   ,8.753   ,2.336   ,3.237   ,8.791   ,2.241   ,3.256   ,8.753   ,2.241   ,3.256   ,8.753   ,2.241   ,3.294   ,8.753   ,2.241   ,3.294   ,8.753   ,2.221   ,3.313   ,8.715   ,2.221   ,3.332   ,8.676   ,2.241   ,3.332   ,8.638   ,2.241   ,3.332   ,8.638   ,2.26   ,3.352   ,8.619   ,2.26   ,3.352   ,8.619   ,2.279   ,3.332   ,8.6   ,2.317   ,3.352   ,8.619   ,2.317   ,3.352   ,8.6   ,2.317   ,3.352   ,8.6   ,2.298   ,3.352   ,8.619   ,2.298   ,3.332   ,8.676   ,2.298   ,3.332   ,8.676   ,2.298   ,3.332   ,8.6   ,2.241   ,3.352   ,8.657   ,2.241   ,3.352   ,8.657   ,2.202   ,3.39   ,8.696   ,2.202   ,3.39   ,8.696   ,2.202   ,3.428   ,8.676   ,2.202   ,3.447   ,8.657   ,2.183   ,3.428   ,8.619   ,2.183   ,3.428   ,8.619   ,2.183   ,3.428   ,8.561   ,2.183   ,3.428   ,8.6   ,2.183   ,3.39   ,8.6   ,2.183   ,3.39   ,8.6   ,2.183   ,3.409   ,8.657   ,2.183   ,3.409   ,8.638   ,2.183   ,3.409   ,8.696   ,2.183   ,3.409   ,8.696   ,2.164   ,3.447   ,8.657   ,2.164   ,3.447   ,8.619   ,2.183   ,3.447   ,8.638   ,2.183   ,3.447   ,8.638   ,2.164   ,3.447   ,8.619   ,2.145   ,3.466   ,8.581   ,2.145   ,3.466   ,8.581   ,2.145   ,3.447   ,8.581   ,2.145   ,3.447   ,8.581   ,2.106   ,3.486   ,8.561   ,2.145   ,3.486   ,8.561   ,2.087   ,3.524   ,8.638   ,2.087   ,3.562   ,8.619   ,2.087   ,3.562   ,8.619   ,2.049   ,3.601   ,8.638   ,2.049   ,3.601   ,8.638   ,2.03   ,3.562   ,8.638   ,2.03   ,3.562   ,8.638   ,2.03   ,3.543   ,8.638   ,2.049   ,3.543   ,8.676   ,2.049   ,3.543   ,8.676   ,2.049   ,3.505   ,8.619   ,2.049   ,3.505   ,8.619   ,2.049   ,3.486   ,8.619   ,2.068   ,3.505   ,8.6   ,2.049   ,3.524   ,8.6   ,2.049   ,3.524   ,8.6   ,2.049   ,3.581   ,8.619   ,2.03   ,3.601   ,8.6   ,2.03   ,3.601   ,8.6   ,2.03   ,3.601   ,8.561   ,2.011   ,3.62   ,8.581   ,2.03   ,3.62   ,8.581   ,2.03   ,3.62   ,8.581   ,1.992   ,3.639   ,8.581   ,1.992   ,3.639   ,8.581   ,1.972   ,3.62   ,8.561   ,1.972   ,3.62   ,8.561   ,1.992   ,3.658   ,8.638   ,1.972   ,3.62   ,8.619   ,1.972   ,3.62   ,8.619   ,1.953   ,3.601   ,8.6   ,1.915   ,3.601   ,8.657   ,1.934   ,3.601   ,8.6   ,1.934   ,3.601   ,8.6   ,1.896   ,3.62   ,8.6   ,1.915   ,3.658   ,8.638   ,1.915   ,3.658   ,8.638   ,1.934   ,3.677   ,8.619   ,1.934   ,3.677   ,8.619   ,1.915   ,3.696   ,8.581   ,1.915   ,3.696   ,8.581   ,1.915   ,3.696   ,8.581   ,1.934   ,3.677   ,8.6   ,1.934   ,3.677   ,8.542   ,1.896   ,3.677   ,8.542   ,1.896   ,3.677   ,8.542   ,1.934   ,3.677   ,8.581   ,1.934   ,3.677   ,8.581   ,1.934   ,3.639   ,8.6   ,1.915   ,3.62   ,8.6   ,1.915   ,3.62   ,8.6   ,1.953   ,3.639   ,8.581   ,1.934   ,3.658   ,8.619   ,1.896   ,3.677   ,8.6   ,1.877   ,3.677   ,8.581   ,1.877   ,3.677   ,8.581   ,1.896   ,3.715   ,8.581   ,1.896   ,3.715   ,8.581   ,1.896   ,3.715   ,8.542   ,1.857   ,3.696   ,8.561   ,1.857   ,3.696   ,8.561   ,1.838   ,3.696   ,8.561   ,1.838   ,3.715   ,8.581   ,1.857   ,3.715   ,8.581   ,1.857   ,3.715   ,8.581   ,1.838   ,3.715   ,8.6   ,1.819   ,3.715   ,8.6   ,1.819   ,3.715   ,8.6   ,1.838   ,3.735   ,8.581   ,1.8   ,3.735   ,8.6   ,1.8   ,3.735   ,8.6   ,1.762   ,3.754   ,8.6   ,1.762   ,3.754   ,8.6   ,1.781   ,3.773   ,8.581   ,1.781   ,3.773   ,8.581   ,1.781   ,3.773   ,8.581   ,1.762   ,3.792   ,8.581   ,1.723   ,3.773   ,8.561   ,1.723   ,3.773   ,8.561   ,1.8   ,3.754   ,8.561   ,1.8   ,3.754   ,8.561   ,1.762   ,3.754   ,8.542   ,1.762   ,3.754   ,8.561   ,1.762   ,3.754   ,8.561   ,1.762   ,3.773   ,8.6   ,1.762   ,3.773   ,8.6   ,1.723   ,3.754   ,8.6   ,1.723   ,3.754   ,8.6   ,1.762   ,3.754   ,8.6   ,1.723   ,3.754   ,8.561   ,1.723   ,3.773   ,8.6   ,1.723   ,3.773   ,8.6   ,1.685   ,3.754   ,8.6   ,1.723   ,3.754   ,8.6   ,1.723   ,3.754   ,8.6   ,1.685   ,3.754   ,8.6   ,1.666   ,3.811   ,8.6   ,1.666   ,3.754   ,8.638   ,1.666   ,3.773   ,8.619   ,1.666   ,3.773   ,8.619   ,1.666   ,3.792   ,8.6   ,1.666   ,3.792   ,8.6   ,1.647   ,3.792   ,8.619   ,1.647   ,3.811   ,8.6   ,1.647   ,3.811   ,8.6   ,1.647   ,3.83   ,8.561   ,1.666   ,3.811   ,8.581   ,1.628   ,3.792   ,8.6   ,1.628   ,3.792   ,8.6   ,1.628   ,3.792   ,8.581   ,1.685   ,3.773   ,8.638   ,1.685   ,3.773   ,8.6   ,1.685   ,3.773   ,8.6   ,1.666   ,3.792   ,8.581   ,1.685   ,3.792   ,8.619   ,1.685   ,3.792   ,8.619   ,1.704   ,3.792   ,8.561   ,1.704   ,3.792   ,8.561   ,1.685   ,3.792   ,8.542   ,1.685   ,3.792   ,8.581   ,1.666   ,3.792   ,8.6   ,1.666   ,3.792   ,8.6   ,1.628   ,3.83   ,8.6   ,1.628   ,3.811   ,8.6   ,1.647   ,3.811   ,8.619   ,1.647   ,3.811   ,8.619   ,1.608   ,3.85   ,8.619   ,1.589   ,3.83   ,8.581   ,1.608   ,3.83   ,8.561   ,1.608   ,3.83   ,8.561   ,1.589   ,3.811   ,8.581   ,1.608   ,3.811   ,8.581   ,1.647   ,3.811   ,8.619   ,1.647   ,3.811   ,8.619   ,1.608   ,3.83   ,8.657   ,1.628   ,3.83   ,8.581   ,1.628   ,3.83   ,8.581   ,1.647   ,3.773   ,8.581   ,1.647   ,3.773   ,8.581   ,1.666   ,3.792   ,8.6   ,1.666   ,3.792   ,8.638   ,1.666   ,3.773   ,8.561   ,1.666   ,3.773   ,8.561   ,1.647   ,3.773   ,8.581   ,1.647   ,3.83   ,8.619   ,1.647   ,3.811   ,8.6   ,1.647   ,3.811   ,8.6   ,1.608   ,3.811   ,8.561   ,1.608   ,3.83   ,8.561   ,1.551   ,3.869   ,8.581   ,1.551   ,3.869   ,8.581   ,1.57   ,3.869   ,8.561   ,1.57   ,3.869   ,8.581   ,1.57   ,3.869   ,8.542   ,1.57   ,3.869   ,8.542   ,1.589   ,3.85   ,8.542   ,1.589   ,3.85   ,8.542   ,1.628   ,3.83   ,8.581   ,1.666   ,3.85   ,8.561   ,1.666   ,3.85   ,8.561   ,1.647   ,3.83   ,8.581   ,1.608   ,3.83   ,8.581   ,1.608   ,3.811   ,8.581   ,1.608   ,3.811   ,8.581   ,1.589   ,3.792   ,8.6   ,1.589   ,3.811   ,8.619   ,1.628   ,3.792   ,8.619   ,1.628   ,3.792   ,8.619   ,1.628   ,3.83   ,8.581   ,1.647   ,3.83   ,8.6   ,1.608   ,3.85   ,8.561   ,1.608   ,3.85   ,8.561   ,1.608   ,3.83   ,8.561   ,1.608   ,3.83   ,8.581   ,1.647   ,3.83   ,8.581   ,1.647   ,3.83   ,8.581   ,1.57   ,3.83   ,8.581   ,1.589   ,3.85   ,8.6   ,1.57   ,3.83   ,8.6   ,1.57   ,3.83   ,8.6   ,1.589   ,3.83   ,8.581   ,1.589   ,3.85   ,8.6   ,1.608   ,3.83   ,8.6   ,1.608   ,3.83   ,8.6   ,1.589   ,3.85   ,8.6   ,1.608   ,3.83   ,8.619   ,1.628   ,3.811   ,8.6   ,1.628   ,3.811   ,8.6   ,1.666   ,3.85   ,8.581   ,1.647   ,3.83   ,8.581   ,1.647   ,3.83   ,8.561   ,1.647   ,3.83   ,8.561   ,1.628   ,3.85   ,8.561   ,1.647   ,3.83   ,8.561   ,1.628   ,3.869   ,8.542   ,1.628   ,3.869   ,8.542   ,1.628   ,3.888   ,8.6   ,1.628   ,3.888   ,8.561   ,1.647   ,3.907   ,8.581   ,1.647   ,3.907   ,8.581   ,1.647   ,3.888   ,8.542   ,1.666   ,3.85   ,8.561   ,1.666   ,3.85   ,8.561   ,1.666   ,3.83   ,8.581   ,1.666   ,3.83   ,8.581   ,1.647   ,3.83   ,8.561   ,1.666   ,3.811   ,8.6   ,1.685   ,3.792   ,8.561   ,1.685   ,3.792   ,8.561   ,1.666   ,3.792   ,8.619   ,1.685   ,3.85   ,8.581   ,1.685   ,3.83   ,8.523   ,1.685   ,3.83   ,8.523   ,1.666   ,3.85   ,8.504   ,1.647   ,3.85   ,8.6   ,1.666   ,3.907   ,8.523   ,1.666   ,3.907   ,8.523   ,1.685   ,3.907   ,8.6   ,1.666   ,3.907   ,8.542   ,1.628   ,3.888   ,8.523   ,1.628   ,3.888   ,8.523   ,1.608   ,3.869   ,8.542   ,1.608   ,3.869   ,8.542   ,1.628   ,3.83   ,8.542   ,1.704   ,3.811   ,8.427   ,1.704   ,3.811   ,8.427   ,1.704   ,3.869   ,8.561   ,1.647   ,3.85   ,8.561   ,1.628   ,3.869   ,8.6   ,1.628   ,3.869   ,8.6   ,1.589   ,3.888   ,8.619   ,1.608   ,3.888   ,8.581   ,1.589   ,3.888   ,8.619   ,1.589   ,3.888   ,8.619   ,1.589   ,3.926   ,8.581   ,1.589   ,3.926   ,8.542   ,1.589   ,3.926   ,8.542   ,1.57   ,3.926   ,8.504   ,1.57   ,3.926   ,8.504   ,1.589   ,3.926   ,8.504   ,1.57   ,3.964   ,8.542   ,1.589   ,3.945   ,8.523   ,1.589   ,3.945   ,8.523   ,1.628   ,3.888   ,8.542   ,1.647   ,3.869   ,8.561   ,1.647   ,3.869   ,8.561   ,1.666   ,3.85   ,8.581   ,1.666   ,3.85   ,8.581   ,1.666   ,3.85   ,8.581   ,1.647   ,3.869   ,8.542   ,1.647   ,3.869   ,8.542   ,1.647   ,3.888   ,8.581   ,1.647   ,3.888   ,8.581   ,1.647   ,3.888   ,8.504   ,1.647   ,3.907   ,8.542   ,1.589   ,3.945   ,8.504   ,1.589   ,3.945   ,8.504   ,1.589   ,3.926   ,8.504   ,1.57   ,3.945   ,8.504   ,1.57   ,3.926   ,8.542   ,1.57   ,3.926   ,8.542   ,1.57   ,3.926   ,8.561   ,1.57   ,3.907   ,8.581   ,1.57   ,3.907   ,8.581   ,1.57   ,3.888   ,8.542   ,1.57   ,3.888   ,8.542   ,1.608   ,3.926   ,8.561   ,1.628   ,3.907   ,8.542   ,1.647   ,3.888   ,8.561   ,1.647   ,3.888   ,8.561   ,1.647   ,3.888   ,8.542   ,1.647   ,3.907   ,8.485   ,1.647   ,3.907   ,8.485   ,1.628   ,3.964   ,8.504   ,1.628   ,3.964   ,8.504   ,1.589   ,3.926   ,8.504   ,1.589   ,3.945   ,8.523   ,1.589   ,3.945   ,8.523   ,1.589   ,3.945   ,8.523   ,1.589   ,3.964   ,8.485   ,1.551   ,3.984   ,8.523   ,1.532   ,3.964   ,8.523   ,1.532   ,3.964   ,8.523   ,1.551   ,3.964   ,8.542   ,1.57   ,3.964   ,8.561   ,1.551   ,3.945   ,8.561   ,1.551   ,3.945   ,8.561   ,1.57   ,3.907   ,8.542   ,1.608   ,3.907   ,8.561   ,1.608   ,3.907   ,8.561   ,1.608   ,3.926   ,8.504   ,1.628   ,3.945   ,8.523   ,1.628   ,3.945   ,8.523   ,1.608   ,3.964   ,8.504   ,1.57   ,3.984   ,8.542   ,1.551   ,3.945   ,8.542   ,1.589   ,3.984   ,8.523   ,1.589   ,3.984   ,8.523   ,1.57   ,3.964   ,8.523   ,1.551   ,3.926   ,8.561   ,1.551   ,3.926   ,8.561   ,1.551   ,3.945   ,8.504   ,1.589   ,3.964   ,8.485   ,1.628   ,3.945   ,8.504   ,1.608   ,3.964   ,8.504   ,1.551   ,3.964   ,8.504   ,1.551   ,3.964   ,8.504   ,1.551   ,3.945   ,8.542   ,1.57   ,3.926   ,8.561   ,1.57   ,3.926   ,8.542   ,1.57   ,3.926   ,8.542   ,1.608   ,3.926   ,8.561   ,1.608   ,3.888   ,8.542   ,1.608   ,3.888   ,8.561   ,1.608   ,3.888   ,8.561   ,1.589   ,3.888   ,8.523   ,1.589   ,3.888   ,8.504   ,1.608   ,3.907   ,8.542   ,1.608   ,3.907   ,8.542   ,1.628   ,3.926   ,8.542   ,1.57   ,3.945   ,8.561   ,1.589   ,3.926   ,8.523   ,1.589   ,3.926   ,8.523   ,1.608   ,3.926   ,8.581   ,1.608   ,3.926   ,8.581   ,1.589   ,3.926   ,8.504   ,1.589   ,3.926   ,8.542   ,1.589   ,3.926   ,8.542   ,1.589   ,3.926   ,8.523   ,1.589   ,3.945   ,8.504   ,1.589   ,3.945   ,8.504   ,1.589   ,3.945   ,8.504   ,1.57   ,3.964   ,8.523   ,1.57   ,3.964   ,8.523   ,1.551   ,3.984   ,8.523   ,1.589   ,3.945   ,8.542   ,1.589   ,3.945   ,8.542   ,1.57   ,3.964   ,8.542   ,1.608   ,3.926   ,8.523   ,1.628   ,3.926   ,8.504   ,1.628   ,3.926   ,8.504   ,1.628   ,3.888   ,8.523   ,1.647   ,3.907   ,8.504   ,1.608   ,3.907   ,8.561   ,1.608   ,3.907   ,8.561   ,1.608   ,3.926   ,8.542   ,1.551   ,3.945   ,8.523   ,1.551   ,3.926   ,8.542   ,1.551   ,3.926   ,8.542   ,1.589   ,3.945   ,8.542   ,1.551   ,3.945   ,8.523   ,1.57   ,3.984   ,8.523   ,1.57   ,3.984   ,8.523   ,1.551   ,3.984   ,8.504   ,1.57   ,3.964   ,8.542   ,1.57   ,3.984   ,8.485   ,1.57   ,3.984   ,8.485   ,1.532   ,3.984   ,8.504   ,1.532   ,3.984   ,8.504   ,1.532   ,3.984   ,8.504   ,1.532   ,3.945   ,8.504   ,1.532   ,3.964   ,8.504   ,1.551   ,3.945   ,8.542   ,1.551   ,3.945   ,8.542   ,1.513   ,3.907   ,8.581   ,1.513   ,3.907   ,8.581   ,1.57   ,3.945   ,8.542   ,1.57   ,3.945   ,8.542   ,1.589   ,3.888   ,8.542   ,1.551   ,3.907   ,8.561   ,1.551   ,3.907   ,8.561   ,1.513   ,3.945   ,8.523   ,1.532   ,3.926   ,8.523   ,1.551   ,3.964   ,8.542   ,1.551   ,3.964   ,8.542   ,1.532   ,3.964   ,8.523   ,1.494   ,4.003   ,8.542   ,1.474   ,3.984   ,8.561   ,1.474   ,3.984   ,8.561   ,1.474   ,4.022   ,8.561   ,1.474   ,3.984   ,8.542   ,1.436   ,3.984   ,8.542   ,1.436   ,3.984   ,8.542   ,1.436   ,3.984   ,8.561   ,1.455   ,3.945   ,8.561   ,1.455   ,3.964   ,8.561   ,1.455   ,3.964   ,8.561   ,1.494   ,3.926   ,8.542   ,1.436   ,3.945   ,8.581   ,1.474   ,3.945   ,8.542   ,1.474   ,3.945   ,8.542   ,1.436   ,3.945   ,8.561   ,1.436   ,3.945   ,8.6   ,1.436   ,3.926   ,8.561   ,1.436   ,3.926   ,8.561   ,1.455   ,3.964   ,8.581   ,1.455   ,3.984   ,8.542   ,1.417   ,3.984   ,8.485   ,1.417   ,3.984   ,8.485   ,1.359   ,4.003   ,8.523   ,1.302   ,3.984   ,8.504   ,1.34   ,4.022   ,8.485   ,1.34   ,4.022   ,8.485   ,1.532   ,4.118   ,8.581   ,1.436   ,4.175   ,8.676   ,1.321   ,4.156   ,8.542   ,1.321   ,4.156   ,8.542   ,1.379   ,4.213   ,8.542   ,1.379   ,4.213   ,8.542   ,1.532   ,4.309   ,8.523   ,1.628   ,4.271   ,8.293   ,1.628   ,4.271   ,8.293   ,1.666   ,4.213   ,8.198   ,1.57   ,4.156   ,8.236   ,1.608   ,4.175   ,8.217   ,1.608   ,4.175   ,8.217   ,1.666   ,3.984   ,8.236   ,1.589   ,3.754   ,8.351   ,1.608   ,3.601   ,8.466   ,1.608   ,3.601   ,8.466   ,1.608   ,3.543   ,8.6   ,2.068   ,3.256   ,7.623   ,1.857   ,3.237   ,8.715   ,1.857   ,3.237   ,8.715   ,1.666   ,3.447   ,9.194   ,1.494   ,3.486   ,9.136   ,1.245   ,3.371   ,9.059   ,1.245   ,3.371   ,9.059   ,1.13   ,3.198   ,9.002   ,1.053   ,2.988   ,8.868   ,0.976   ,2.93   ,9.079   ,0.976   ,2.93   ,9.079   ,1.015   ,2.968   ,9.079   ,1.015   ,3.007   ,9.289   ,0.881   ,3.141   ,9.347   ,0.881   ,3.141   ,9.347   ,0.804   ,3.256   ,9.328   ,0.861   ,3.39   ,9.251   ,0.881   ,3.466   ,9.194   ,0.881   ,3.466   ,9.194   ,0.881   ,3.639   ,8.945   ,0.842   ,3.754   ,8.868   ,0.785   ,3.945   ,8.696   ,0.785   ,3.945   ,8.696   ,0.785   ,4.06   ,8.657   ,0.708   ,4.156   ,8.561   ,0.766   ,4.175   ,8.485   ,0.766   ,4.175   ,8.485   ,0.804   ,4.175   ,8.561   ,0.861   ,4.175   ,8.6   ,1.034   ,4.175   ,8.619   ,1.034   ,4.175   ,8.619   ,1.11   ,4.175   ,8.657   ,1.149   ,4.156   ,8.657   ,1.13   ,4.079   ,8.6   ,1.13   ,4.079   ,8.6   ,1.091   ,3.945   ,8.542   ,1.053   ,3.907   ,8.466   ,1.11   ,3.926   ,8.504   ,1.11   ,3.926   ,8.504   ,1.187   ,3.984   ,8.561   ,1.149   ,4.041   ,8.619   ,1.149   ,4.041   ,8.619   ,1.072   ,4.022   ,8.619   ,1.015   ,4.003   ,8.523   ,0.938   ,3.984   ,8.523   ,0.938   ,3.984   ,8.523   ,0.881   ,4.022   ,8.581   ,0.881   ,4.022   ,8.581   ,0.919   ,4.099   ,8.581   ,1.149   ,4.156   ,8.753   ,1.264   ,4.099   ,8.753   ,1.264   ,4.099   ,8.753   ,1.34   ,3.984   ,8.753   ,1.264   ,3.945   ,8.696   ,1.11   ,3.926   ,8.561   ,1.11   ,3.926   ,8.561   ,1.11   ,3.964   ,8.485   ,1.034   ,3.984   ,8.427   ,1.015   ,3.945   ,8.37   ,1.015   ,3.945   ,8.37   ,0.881   ,3.869   ,8.408   ,0.804   ,3.888   ,8.466   ,0.823   ,4.079   ,8.619   ,0.823   ,4.079   ,8.619   ,0.842   ,4.213   ,8.523   ,0.747   ,4.348   ,8.504   ,0.689   ,4.367   ,8.542   ,0.689   ,4.367   ,8.542   ,0.651   ,4.386   ,8.561   ,0.612   ,4.348   ,8.447   ,0.651   ,4.271   ,8.389   ,0.651   ,4.271   ,8.389   ,0.651   ,4.252   ,8.389   ,0.708   ,4.194   ,8.389   ,0.651   ,4.118   ,8.332   ,0.651   ,4.118   ,8.332   ,0.612   ,4.099   ,8.255   ,0.593   ,4.156   ,8.332   ,0.593   ,4.156   ,8.332   ,0.823   ,4.328   ,8.542   ,0.823   ,4.328   ,8.542   ,0.9   ,4.462   ,8.6   ,1.015   ,4.482   ,8.676   ,1.015   ,4.482   ,8.676   ,1.11   ,4.52   ,8.715   ,1.11   ,4.52   ,8.715   ,1.321   ,4.52   ,8.791   ,1.417   ,4.52   ,8.81   ,1.589   ,4.386   ,8.657   ,1.589   ,4.386   ,8.657   ,1.608   ,4.271   ,8.485   ,1.666   ,4.079   ,8.427   ,1.762   ,4.06   ,8.427   ,1.762   ,4.06   ,8.427   ,1.8   ,4.06   ,8.389   ,1.8   ,4.06   ,8.255   ,1.8   ,4.06   ,8.255   ,1.896   ,4.041   ,8.408   ,1.896   ,4.041   ,8.408   ,1.972   ,4.156   ,8.466   ,2.03   ,4.233   ,8.447   ,1.972   ,4.213   ,8.332   ,1.972   ,4.213   ,8.332   ,2.011   ,4.233   ,8.293   ,2.049   ,4.252   ,8.217   ,2.049   ,4.252   ,8.217   ,2.087   ,4.252   ,8.14   ,2.087   ,4.252   ,8.14   ,2.087   ,4.405   ,8.121   ,2.221   ,4.462   ,8.025   ,2.298   ,4.462   ,7.872   ,2.298   ,4.462   ,7.872   ,2.681   ,4.616   ,7.546   ,2.988   ,4.731   ,7.853   ,2.988   ,4.731   ,7.853   ,2.777   ,4.616   ,7.163   ,2.777   ,4.616   ,7.163   ,2.643   ,4.597   ,7.431   ,2.355   ,4.673   ,7.7   ,2.221   ,4.769   ,7.834   ,2.221   ,4.769   ,7.834   ,2.011   ,4.807   ,8.006   ,2.011   ,4.807   ,8.006   ,1.704   ,4.846   ,7.949   ,1.704   ,4.846   ,7.949   ,2.221   ,4.75   ,8.102   ,2.394   ,4.654   ,8.14   ,2.394   ,4.654   ,8.14   ,2.298   ,4.462   ,7.738   ,2.298   ,4.462   ,7.738   ,2.26   ,4.405   ,7.738   ,2.336   ,4.443   ,8.006   ,2.336   ,4.443   ,8.006   ,2.375   ,4.482   ,8.083   ,2.394   ,4.482   ,8.14   ,2.394   ,4.482   ,8.14   ,2.336   ,4.405   ,8.159   ,2.336   ,4.405   ,8.159   ,2.183   ,4.386   ,8.121   ,2.068   ,4.424   ,8.063   ,2.068   ,4.424   ,8.063   ,2.087   ,4.462   ,8.102   ,2.164   ,4.424   ,8.121   ,2.164   ,4.424   ,8.121   ,2.221   ,4.348   ,8.121   ,2.202   ,4.309   ,8.121   ,2.202   ,4.309   ,8.121   ,2.221   ,4.252   ,8.217   ,2.183   ,4.175   ,8.255   ,2.183   ,4.175   ,8.255   ,2.164   ,4.175   ,8.351   ,2.164   ,4.175   ,8.351   ,2.126   ,4.099   ,8.408   ,2.106   ,4.118   ,8.466   ,2.106   ,4.118   ,8.466   ,2.106   ,4.099   ,8.427   ,2.068   ,4.137   ,8.351   ,2.068   ,4.137   ,8.351   ,2.087   ,4.175   ,8.293   ,2.087   ,4.175   ,8.293   ,2.164   ,4.271   ,8.274   ,2.145   ,4.252   ,8.217   ,2.145   ,4.252   ,8.217   ,2.164   ,4.252   ,8.14   ,2.145   ,4.29   ,8.083   ,2.164   ,4.309   ,8.063   ,2.164   ,4.309   ,8.063   ,2.164   ,4.348   ,8.14   ,2.164   ,4.309   ,8.083   ,2.145   ,4.271   ,8.121   ,2.145   ,4.271   ,8.121   ,2.164   ,4.271   ,8.198   ,2.106   ,4.252   ,8.217   ,2.106   ,4.252   ,8.217   ,2.164   ,4.194   ,8.255   ,2.145   ,4.194   ,8.274   ,2.164   ,4.175   ,8.37   ,2.164   ,4.175   ,8.37   ,2.164   ,4.175   ,8.332   ,2.164   ,4.175   ,8.332   ,2.126   ,4.099   ,8.293   ,2.087   ,4.099   ,8.332   ,2.087   ,4.099   ,8.332   ,2.068   ,4.099   ,8.332   ,2.049   ,4.099   ,8.312   ,1.934   ,4.079   ,8.312   ,1.934   ,4.079   ,8.312   ,1.934   ,4.118   ,8.408   ,1.934   ,4.118   ,8.408   ,1.934   ,4.118   ,8.351   ,1.934   ,4.118   ,8.351   ,1.915   ,4.137   ,8.351   ,1.877   ,4.252   ,8.37   ,1.877   ,4.252   ,8.37   ,1.877   ,4.233   ,8.37   ,1.877   ,4.233   ,8.37   ,1.781   ,4.252   ,8.37   ,1.781   ,4.252   ,8.351   ,1.781   ,4.252   ,8.351   ,1.781   ,4.213   ,8.332   ,1.8   ,4.213   ,8.332   ,1.781   ,4.213   ,8.312   ,1.781   ,4.213   ,8.312   ,1.762   ,4.194   ,8.37   ,1.762   ,4.194   ,8.37   ,1.781   ,4.213   ,8.37   ,1.762   ,4.156   ,8.408   ,1.762   ,4.156   ,8.408   ,1.704   ,4.156   ,8.351   ,1.704   ,4.099   ,8.408   ,1.704   ,4.099   ,8.408   ,1.781   ,4.156   ,8.389   ,1.743   ,4.175   ,8.408   ,1.762   ,4.175   ,8.447   ,1.762   ,4.175   ,8.447   ,1.762   ,4.194   ,8.485   ,1.8   ,4.175   ,8.447   ,1.781   ,4.137   ,8.389   ,1.781   ,4.137   ,8.389   ,1.838   ,4.137   ,8.408   ,1.838   ,4.137   ,8.408   ,1.896   ,4.156   ,8.37   ,1.877   ,4.156   ,8.332   ,1.877   ,4.156   ,8.332   ,1.953   ,4.194   ,8.274   ,1.915   ,4.156   ,8.274   ,1.915   ,4.156   ,8.274   ,1.915   ,4.194   ,8.217   ,1.934   ,4.213   ,8.274   ,1.915   ,4.194   ,8.312   ,1.819   ,4.156   ,8.332   ,1.819   ,4.156   ,8.332   ,1.781   ,4.233   ,8.332   ,1.762   ,4.271   ,8.408   ,1.704   ,4.271   ,8.408   ,1.704   ,4.271   ,8.408   ,1.704   ,4.29   ,8.37   ,1.762   ,4.271   ,8.312   ,1.781   ,4.309   ,8.293   ,1.781   ,4.309   ,8.293   ,1.838   ,4.328   ,8.255   ,1.915   ,4.348   ,8.217   ,1.915   ,4.348   ,8.217   ,1.915   ,4.348   ,8.14   ,1.934   ,4.328   ,8.159   ,1.934   ,4.309   ,8.159   ,1.934   ,4.309   ,8.159   ,1.915   ,4.29   ,8.159   ,1.915   ,4.29   ,8.159   ,1.915   ,4.252   ,8.217   ,1.915   ,4.252   ,8.217   ,1.877   ,4.29   ,8.217   ,1.8   ,4.233   ,8.312   ,1.781   ,4.233   ,8.332   ,1.781   ,4.233   ,8.332   ,1.8   ,4.213   ,8.389   ,1.8   ,4.175   ,8.37   ,1.838   ,4.137   ,8.389   ,1.838   ,4.137   ,8.389   ,1.877   ,4.137   ,8.37   ,1.877   ,4.137   ,8.37   ,1.953   ,4.137   ,8.408   ,1.953   ,4.137   ,8.408   ,1.972   ,4.118   ,8.389   ,2.03   ,4.079   ,8.37   ,2.068   ,4.06   ,8.351   ,2.068   ,4.079   ,8.312   ,2.011   ,4.099   ,8.332   ,2.011   ,4.099   ,8.332   ,1.934   ,4.137   ,8.274   ,1.896   ,4.156   ,8.293   ,1.896   ,4.156   ,8.293   ,1.877   ,4.233   ,8.236   ,1.8   ,4.271   ,8.332   ,1.704   ,4.348   ,8.312   ,1.704   ,4.348   ,8.312   ,1.628   ,4.405   ,8.274   ,1.628   ,4.405   ,8.274   ,1.589   ,4.443   ,8.312   ,1.589   ,4.443   ,8.312   ,1.57   ,4.462   ,8.332   ,1.589   ,4.424   ,8.312   ,1.57   ,4.367   ,8.255   ,1.57   ,4.367   ,8.255   ,1.608   ,4.386   ,8.293   ,1.608   ,4.386   ,8.293   ,1.608   ,4.367   ,8.274   ,1.608   ,4.367   ,8.274   ,1.551   ,4.348   ,8.293   ,1.551   ,4.367   ,8.293   ,1.551   ,4.405   ,8.332   ,1.551   ,4.405   ,8.332   ,1.532   ,4.386   ,8.312   ,1.532   ,4.386   ,8.312   ,1.513   ,4.386   ,8.274   ,1.513   ,4.386   ,8.274   ,1.494   ,4.386   ,8.293   ,1.532   ,4.348   ,8.293   ,1.532   ,4.328   ,8.351   ,1.589   ,4.328   ,8.408   ,1.589   ,4.328   ,8.408   ,1.608   ,4.309   ,8.37   ,1.589   ,4.271   ,8.389   ,1.608   ,4.29   ,8.389   ,1.608   ,4.29   ,8.389   ,1.628   ,4.271   ,8.351   ,1.628   ,4.271   ,8.351   ,1.685   ,4.252   ,8.332   ,1.743   ,4.194   ,8.332   ,1.743   ,4.194   ,8.332   ,1.762   ,4.194   ,8.332   ,1.762   ,4.194   ,8.312   ,1.762   ,4.156   ,8.37   ,1.762   ,4.156   ,8.37   ,1.704   ,4.213   ,8.408   ,1.704   ,4.233   ,8.389   ,1.628   ,4.213   ,8.351   ,1.628   ,4.213   ,8.37   ,1.628   ,4.213   ,8.37   ,1.608   ,4.252   ,8.332   ,1.608   ,4.309   ,8.351   ,1.589   ,4.309   ,8.312   ,1.589   ,4.309   ,8.312   ,1.589   ,4.348   ,8.293   ,1.589   ,4.348   ,8.293   ,1.589   ,4.367   ,8.293   ,1.628   ,4.386   ,8.274   ,1.628   ,4.386   ,8.274   ,1.589   ,4.367   ,8.236   ,1.589   ,4.367   ,8.255   ,1.589   ,4.367   ,8.255   ,1.551   ,4.367   ,8.274   ,1.513   ,4.386   ,8.293   ,1.513   ,4.386   ,8.293   ,1.494   ,4.405   ,8.312   ,1.494   ,4.405   ,8.312   ,1.474   ,4.386   ,8.293   ,1.417   ,4.386   ,8.293   ,1.417   ,4.386   ,8.293   ,1.436   ,4.405   ,8.274   ,1.436   ,4.405   ,8.274   ,1.398   ,4.386   ,8.332   ,1.455   ,4.386   ,8.293   ,1.379   ,4.462   ,8.37   ,1.359   ,4.462   ,8.37   ,1.359   ,4.462   ,8.37   ,1.321   ,4.424   ,8.351   ,1.321   ,4.386   ,8.389   ,1.321   ,4.386   ,8.389   ,1.245   ,4.328   ,8.427   ,1.283   ,4.367   ,8.408   ,1.283   ,4.367   ,8.408   ,1.359   ,4.462   ,8.389   ,1.398   ,4.462   ,8.332   ,1.436   ,4.462   ,8.236   ,1.417   ,4.501   ,8.236   ,1.455   ,4.501   ,8.121   ,1.455   ,4.501   ,8.121   ,1.436   ,4.539   ,8.102   ,1.34   ,4.558   ,8.083   ,1.34   ,4.558   ,8.083   ,1.302   ,4.597   ,8.102   ,1.302   ,4.597   ,8.102   ,1.264   ,4.597   ,8.178   ,1.264   ,4.597   ,8.178   ,1.264   ,4.616   ,8.217   ,1.264   ,4.577   ,8.293   ,1.264   ,4.577   ,8.293   ,1.225   ,4.597   ,8.274   ,1.168   ,4.558   ,8.293   ,1.149   ,4.577   ,8.293   ,1.149   ,4.577   ,8.293   ,1.11   ,4.597   ,8.255   ,1.13   ,4.616   ,8.236   ,1.072   ,4.616   ,8.217   ,1.072   ,4.616   ,8.217   ,1.015   ,4.635   ,8.198   ,1.015   ,4.635   ,8.198   ,0.976   ,4.692   ,8.178   ,0.957   ,4.692   ,8.217   ,0.957   ,4.692   ,8.217   ,0.919   ,4.711   ,8.178   ,0.919   ,4.711   ,8.178   ,0.861   ,4.769   ,8.217   ,0.804   ,4.769   ,8.178   ,0.766   ,4.788   ,8.121   ,0.766   ,4.788   ,8.121   ,0.747   ,4.807   ,8.178   ,0.747   ,4.807   ,8.178   ,0.766   ,4.826   ,8.293   ,0.842   ,4.769   ,8.37   ,0.842   ,4.769   ,8.37   ,0.842   ,4.769   ,8.37   ,0.842   ,4.635   ,8.293   ,0.842   ,4.597   ,8.236   ,0.881   ,4.654   ,8.236   ,0.881   ,4.654   ,8.236   ,0.938   ,4.711   ,8.198   ,0.919   ,4.731   ,8.198   ,0.919   ,4.807   ,8.159   ,0.919   ,4.807   ,8.159   ,0.861   ,4.826   ,8.102   ,0.861   ,4.826   ,8.102   ,0.747   ,4.903   ,8.121   ,0.67   ,4.98   ,8.044   ,0.67   ,4.98   ,8.044   ,0.632   ,4.999   ,8.025   ,0.555   ,5.075   ,7.968   ,0.555   ,5.133   ,7.929   ,0.555   ,5.133   ,7.929   ,0.498   ,5.171   ,7.968   ,0.421   ,5.248   ,8.025   ,0.421   ,5.229   ,7.987   ,0.421   ,5.229   ,7.987   ,0.363   ,5.229   ,7.968   ,0.344   ,5.209   ,7.949   ,0.344   ,5.209   ,7.91   ,0.344   ,5.209   ,7.91   ,0.344   ,5.19   ,7.929   ,0.344   ,5.133   ,8.025   ,0.344   ,5.133   ,8.025   ,0.421   ,5.133   ,8.006   ,0.421   ,5.114   ,7.987   ,0.344   ,5.133   ,7.987   ,0.344   ,5.114   ,7.949   ,0.344   ,5.114   ,7.949   ,0.344   ,5.114   ,7.949   ,0.306   ,5.095   ,7.968   ,0.325   ,5.114   ,7.949   ,0.325   ,5.133   ,7.91   ,0.325   ,5.133   ,7.91   ,0.383   ,5.133   ,7.929   ,0.383   ,5.133   ,7.929   ,0.363   ,5.171   ,7.891   ,0.363   ,5.171   ,7.891   ,0.363   ,5.171   ,7.949   ,0.363   ,5.171   ,7.949   ,0.363   ,5.171   ,7.949   ,0.344   ,5.133   ,7.949   ,0.383   ,5.114   ,8.025   ,0.383   ,5.114   ,8.025   ,0.402   ,5.056   ,8.102   ,0.402   ,5.056   ,8.102   ,0.402   ,5.018   ,8.159   ,0.421   ,4.999   ,8.178   ,0.459   ,4.98   ,8.198   ,0.459   ,4.98   ,8.198   ,0.498   ,4.96   ,8.178   ,0.536   ,4.98   ,8.121   ,0.536   ,4.98   ,8.121   ,0.517   ,4.999   ,8.14   ,0.517   ,5.037   ,8.025   ,0.517   ,5.037   ,8.025   ,0.498   ,5.037   ,7.968   ,0.459   ,5.056   ,7.872   ,0.459   ,5.056   ,7.872   ,0.402   ,5.095   ,7.814   ,0.402   ,5.095   ,7.814   ,0.344   ,5.209   ,7.872   ,0.287   ,5.267   ,7.872   ,0.191   ,5.324   ,7.91   ,0.191   ,5.324   ,7.91   ,0.191   ,5.324   ,7.891   ,0.114   ,5.286   ,7.929   ,0.114   ,5.286   ,7.929   ,0.114   ,5.286   ,7.872   ,0.114   ,5.286   ,7.872   ,0.095   ,5.267   ,7.91   ,0.095   ,5.267   ,7.91   ,0.134   ,5.209   ,7.968   ,0.172   ,5.229   ,8.006   ,0.153   ,5.209   ,8.063   ,0.153   ,5.209   ,8.063   ,0.191   ,5.209   ,8.044   ,0.249   ,5.19   ,8.044   ,0.249   ,5.19   ,8.044   ,0.268   ,5.152   ,8.006   ,0.306   ,5.133   ,7.987   ,0.306   ,5.133   ,7.987   ,0.325   ,5.114   ,7.91   ,0.344   ,5.133   ,7.91   ,0.344   ,5.133   ,7.91   ,0.325   ,5.152   ,7.834   ,0.325   ,5.152   ,7.834   ,0.306   ,5.152   ,7.891   ,0.268   ,5.171   ,7.929   ,0.268   ,5.171   ,7.929   ,0.249   ,5.171   ,7.929   ,0.229   ,5.19   ,7.949   ,0.249   ,5.152   ,7.968   ,0.249   ,5.152   ,7.968   ,0.268   ,5.152   ,7.968   ,0.325   ,5.152   ,7.968   ,0.325   ,5.152   ,7.968   ,0.363   ,5.114   ,8.025   ,0.363   ,5.114   ,8.025   ,0.383   ,5.075   ,8.063   ,0.421   ,5.018   ,8.159   ,0.421   ,5.018   ,8.159   ,0.44   ,4.98   ,8.198   ,0.44   ,4.98   ,8.198   ,0.498   ,4.96   ,8.217   ,0.498   ,4.96   ,8.217   ,0.555   ,4.884   ,8.236   ,0.555   ,4.884   ,8.178   ,0.555   ,4.884   ,8.178   ,0.574   ,4.884   ,8.102   ,0.574   ,4.884   ,8.102   ,0.593   ,4.999   ,8.006   ,0.612   ,5.018   ,7.949   ,0.612   ,5.018   ,7.949   ,0.574   ,5.114   ,7.853   ,0.574   ,5.114   ,7.853   ,0.517   ,5.152   ,7.795   ,0.517   ,5.152   ,7.795   ,0.459   ,5.229   ,7.834   ,0.344   ,5.209   ,7.795   ,0.344   ,5.209   ,7.795   ,0.306   ,5.19   ,7.834   ,0.21   ,5.19   ,7.929   ,0.21   ,5.19   ,7.929   ,0.114   ,5.171   ,8.025   ,0.057   ,5.171   ,8.121   ,0.057   ,5.171   ,8.121   ,0.038   ,5.19   ,8.255   ,0.038   ,5.209   ,8.217   ,0.134   ,5.19   ,8.198   ,0.134   ,5.19   ,8.198   ,0.191   ,5.209   ,8.102   ,0.268   ,5.19   ,7.968   ,0.268   ,5.19   ,7.968   ,0.344   ,5.152   ,7.853   ,0.344   ,5.152   ,7.853   ,0.344   ,5.114   ,7.834   ,0.344   ,5.114   ,7.834   ,0.383   ,5.152   ,7.814   ,0.363   ,5.19   ,7.872   ,0.344   ,5.19   ,7.853   ,0.344   ,5.19   ,7.853   ,0.287   ,5.209   ,7.929   ,0.287   ,5.209   ,7.929   ,0.287   ,5.209   ,7.949   ,0.287   ,5.152   ,7.968   ,0.306   ,5.152   ,7.987   ,0.306   ,5.152   ,7.987   ,0.344   ,5.133   ,8.044   ,0.344   ,5.133   ,8.044   ,0.383   ,5.114   ,8.063   ,0.383   ,5.114   ,8.063   ,0.459   ,5.037   ,8.102   ,0.478   ,4.999   ,8.121   ,0.478   ,4.999   ,8.121   ,0.574   ,4.941   ,8.121   ,0.593   ,4.884   ,8.121   ,0.651   ,4.865   ,8.121   ,0.651   ,4.865   ,8.121   ,0.67   ,4.846   ,8.14   ,0.708   ,4.865   ,8.121   ,0.708   ,4.865   ,8.121   ,0.727   ,4.903   ,8.063   ,0.651   ,4.98   ,8.006   ,0.651   ,4.98   ,8.006   ,0.459   ,5.095   ,7.949   ,0.459   ,5.095   ,7.949   ,0.402   ,5.19   ,7.91   ,0.344   ,5.267   ,7.891   ,0.344   ,5.267   ,7.891   ,0.306   ,5.267   ,7.891   ,0.306   ,5.267   ,7.891   ,0.306   ,5.305   ,7.891   ,0.268   ,5.286   ,7.929   ,0.268   ,5.229   ,7.891   ,0.306   ,5.19   ,7.929   ,0.306   ,5.19   ,7.929   ,0.268   ,5.209   ,7.929   ,0.268   ,5.209   ,7.929   ,0.287   ,5.19   ,7.968   ,0.268   ,5.152   ,8.006   ,0.268   ,5.152   ,8.006   ,0.287   ,5.152   ,7.987   ,0.287   ,5.152   ,7.987   ,0.306   ,5.133   ,7.949   ,0.306   ,5.133   ,7.968   ,0.306   ,5.133   ,7.968   ,0.306   ,5.152   ,7.91   ,0.306   ,5.209   ,7.929   ,0.306   ,5.209   ,7.929   ,0.249   ,5.248   ,7.91   ,0.249   ,5.248   ,7.91   ,0.306   ,5.286   ,7.853   ,0.268   ,5.248   ,7.91   ,0.268   ,5.248   ,7.91   ,0.229   ,5.229   ,7.891   ,0.287   ,5.19   ,7.968   ,0.229   ,5.152   ,8.025   ,0.229   ,5.152   ,8.025   ,0.344   ,5.114   ,8.063   ,0.344   ,5.114   ,8.063   ,0.344   ,5.114   ,8.083   ,0.344   ,5.114   ,8.083   ,0.421   ,5.056   ,8.102   ,0.421   ,5.056   ,8.102   ,0.421   ,4.999   ,8.121   ,0.421   ,4.999   ,8.121   ,0.421   ,4.96   ,8.063   ,0.44   ,4.98   ,8.083   ,0.44   ,4.98   ,8.083   ,0.478   ,4.999   ,8.063   ,0.478   ,5.037   ,8.025   ,0.478   ,5.037   ,8.025   ,0.44   ,5.095   ,7.987   ,0.402   ,5.114   ,8.025   ,0.383   ,5.171   ,8.006   ,0.383   ,5.171   ,8.006   ,0.325   ,5.171   ,8.006   ,0.325   ,5.171   ,8.006   ,0.268   ,5.171   ,8.025   ,0.249   ,5.19   ,8.006   ,0.249   ,5.19   ,8.006   ,0.249   ,5.19   ,8.006   ,0.249   ,5.19   ,7.987   ,0.249   ,5.19   ,7.987   ,0.249   ,5.171   ,7.968   ,0.249   ,5.171   ,7.968   ,0.306   ,5.171   ,7.949   ,0.306   ,5.19   ,7.872   ,0.325   ,5.19   ,7.91   ,0.325   ,5.19   ,7.91   ,0.363   ,5.171   ,7.891   ,0.363   ,5.19   ,7.872   ,0.306   ,5.171   ,7.872   ,0.306   ,5.171   ,7.872   ,0.268   ,5.171   ,7.891   ,0.268   ,5.19   ,7.929   ,0.268   ,5.19   ,7.929   ,0.21   ,5.209   ,7.968   ,0.249   ,5.19   ,7.968   ,0.249   ,5.152   ,8.025   ,0.249   ,5.152   ,8.025   ,0.287   ,5.152   ,8.044   ,0.325   ,5.133   ,8.044   ,0.325   ,5.133   ,8.044   ,0.306   ,5.095   ,8.063   ,0.383   ,5.056   ,8.063   ,0.383   ,5.037   ,8.063   ,0.383   ,5.037   ,8.063   ,0.421   ,5.037   ,8.044   ,0.421   ,5.037   ,8.044   ,0.402   ,5.056   ,8.083   ,0.421   ,5.037   ,8.083   ,0.421   ,5.037   ,8.083   ,0.402   ,5.056   ,8.006   ,0.344   ,5.152   ,7.987   ,0.344   ,5.171   ,7.949   ,0.344   ,5.171   ,7.949   ,0.325   ,5.19   ,7.891   ,0.325   ,5.19   ,7.891   ,0.287   ,5.229   ,7.891   ,0.268   ,5.267   ,7.872   ,0.268   ,5.267   ,7.872   ,0.268   ,5.267   ,7.872   ,0.268   ,5.267   ,7.872   ,0.229   ,5.267   ,7.872   ,0.229   ,5.267   ,7.872   ,0.229   ,5.248   ,7.91   ,0.21   ,5.19   ,7.929   ,0.191   ,5.171   ,8.006   ,0.191   ,5.171   ,8.006   ,0.153   ,5.152   ,8.044   ,0.229   ,5.133   ,8.063   ,0.229   ,5.133   ,8.063   ,0.287   ,5.075   ,8.083   ,0.249   ,5.075   ,8.102   ,0.249   ,5.075   ,8.102   ,0.249   ,5.133   ,8.044   ,0.287   ,5.133   ,7.968   ,0.306   ,5.171   ,7.968   ,0.306   ,5.171   ,7.968   ,0.268   ,5.209   ,7.872   ,0.268   ,5.229   ,7.872   ,0.268   ,5.248   ,7.872   ,0.268   ,5.248   ,7.872   ,0.268   ,5.229   ,7.872   ,0.249   ,5.267   ,7.872   ,0.249   ,5.229   ,7.91   ,0.249   ,5.229   ,7.91   ,0.229   ,5.209   ,7.949   ,0.268   ,5.19   ,7.949   ,0.268   ,5.19   ,7.949   ,0.306   ,5.19   ,8.025   ,0.306   ,5.152   ,8.063   ,0.306   ,5.152   ,8.063   ,0.383   ,5.095   ,8.025   ,0.402   ,5.056   ,8.083   ,0.402   ,5.056   ,8.083   ,0.402   ,5.037   ,8.063   ,0.402   ,5.037   ,8.063   ,0.421   ,4.98   ,8.121   ,0.44   ,4.999   ,8.102   ,0.44   ,4.999   ,8.102   ,0.421   ,5.037   ,8.083   ,0.421   ,5.037   ,8.083   ,0.421   ,5.056   ,8.102   ,0.344   ,5.114   ,8.044   ,0.344   ,5.114   ,8.044   ,0.325   ,5.171   ,8.006   ,0.268   ,5.229   ,7.949   ,0.268   ,5.229   ,7.949   ,0.229   ,5.267   ,7.91   ,0.229   ,5.267   ,7.91   ,0.268   ,5.344   ,7.872   ,0.21   ,5.305   ,7.853   ,0.229   ,5.267   ,7.814   ,0.229   ,5.267   ,7.814   ,0.21   ,5.267   ,7.834   ,0.21   ,5.267   ,7.834   ,0.229   ,5.248   ,7.834   ,0.229   ,5.248   ,7.834   ,0.229   ,5.248   ,7.834   ,0.229   ,5.248   ,7.929   ,0.229   ,5.248   ,7.929   ,0.21   ,5.229   ,7.968   ,0.21   ,5.229   ,7.968   ,0.229   ,5.209   ,7.968   ,0.229   ,5.209   ,7.968   ,0.249   ,5.209   ,8.006   ,0.268   ,5.152   ,8.063   ,0.325   ,5.133   ,8.063   ,0.383   ,5.114   ,8.102   ,0.421   ,5.037   ,8.083   ,0.421   ,5.037   ,8.083   ,0.459   ,4.98   ,8.063   ,0.44   ,4.98   ,8.083   ,0.44   ,4.98   ,8.083   ,0.402   ,4.999   ,8.063   ,0.402   ,4.999   ,8.063   ,0.402   ,5.056   ,8.063   ,0.402   ,5.056   ,8.063   ,0.402   ,5.095   ,8.006   ,0.402   ,5.19   ,8.006   ,0.402   ,5.19   ,8.006   ,0.344   ,5.248   ,7.891   ,0.325   ,5.248   ,7.834   ,0.325   ,5.248   ,7.834   ,0.287   ,5.324   ,7.776   ,0.306   ,5.324   ,7.757   ,0.306   ,5.324   ,7.757   ,0.325   ,5.324   ,7.757   ,0.344   ,5.344   ,7.757   ,0.344   ,5.344   ,7.757   ,0.344   ,5.286   ,7.872   ,0.344   ,5.286   ,7.872   ,0.325   ,5.209   ,7.91   ,0.344   ,5.133   ,8.025   ,0.402   ,5.114   ,8.083   ,0.478   ,5.037   ,8.121   ,0.478   ,5.037   ,8.121   ,0.517   ,4.999   ,8.121   ,0.517   ,4.999   ,8.121   ,0.536   ,4.941   ,8.063   ,0.536   ,4.96   ,8.083   ,0.536   ,4.96   ,8.083   ,0.555   ,5.095   ,7.987   ,0.555   ,5.095   ,7.987   ,0.555   ,5.095   ,7.987   ,0.517   ,5.152   ,7.968   ,0.44   ,5.19   ,7.91   ,0.44   ,5.19   ,7.91   ,0.344   ,5.248   ,7.891   ,0.344   ,5.248   ,7.891   ,0.344   ,5.267   ,7.891   ,0.306   ,5.305   ,7.891   ,0.287   ,5.286   ,7.853   ,0.287   ,5.286   ,7.853   ,0.268   ,5.267   ,7.872   ,0.268   ,5.267   ,7.872   ,0.287   ,5.248   ,7.891   ,0.287   ,5.248   ,7.891   ,0.306   ,5.229   ,7.929   ,0.306   ,5.229   ,7.929   ,0.363   ,5.209   ,7.968   ,0.363   ,5.171   ,7.987   ,0.363   ,5.171   ,7.987   ,0.383   ,5.19   ,8.006   ,0.402   ,5.133   ,8.006   ,0.402   ,5.133   ,8.006   ,0.421   ,5.152   ,8.044   ,0.478   ,5.133   ,8.025   ,0.478   ,5.133   ,8.025   ,0.44   ,5.133   ,8.063   ,0.44   ,5.133   ,8.044   ,0.44   ,5.133   ,8.044   ,0.44   ,5.152   ,7.987   ,0.44   ,5.152   ,7.987   ,0.459   ,5.152   ,7.949   ,0.459   ,5.171   ,7.929   ,0.459   ,5.171   ,7.929   ,0.459   ,5.19   ,7.949   ,0.44   ,5.19   ,7.853   ,0.421   ,5.19   ,7.814   ,0.421   ,5.19   ,7.814   ,0.478   ,5.229   ,7.853   ,0.478   ,5.229   ,7.853   ,0.421   ,5.267   ,7.891   ,0.44   ,5.267   ,7.834   ,0.44   ,5.267   ,7.834   ,0.383   ,5.229   ,7.91   ,0.383   ,5.229   ,7.91   ,0.44   ,5.229   ,7.968   ,0.44   ,5.229   ,7.968   ,0.459   ,5.267   ,8.006   ,0.325   ,5.324   ,8.14   ,0.555   ,5.229   ,8.236   ,0.555   ,5.229   ,8.236   ,0.593   ,5.133   ,8.293   ,0.593   ,5.133   ,8.293   ,0.574   ,5.19   ,8.332   ,0.632   ,4.941   ,8.236   ,0.632   ,4.941   ,8.236   ,0.632   ,4.865   ,8.102   ,0.766   ,4.865   ,7.872   ,0.766   ,4.865   ,7.872   ,0.823   ,4.846   ,7.872   ,0.823   ,4.846   ,7.872   ,0.804   ,4.807   ,7.604   ,1.072   ,5.209   ,7.048   ,1.072   ,5.209   ,7.048   ,0.919   ,5.535   ,7.968   ,0.67   ,5.707   ,7.968   ,0.44   ,5.458   ,7.412   ,0.44   ,5.458   ,7.412   ,0.478   ,5.267   ,7.508   ,0.612   ,5.324   ,7.68   ,0.612   ,5.324   ,7.68   ,0.555   ,5.535   ,7.661   ,0.478   ,5.669   ,7.642   ,0.478   ,5.669   ,7.642   ,0.459   ,5.631   ,7.585   ,0.459   ,5.497   ,7.565   ,0.402   ,5.439   ,7.604   ,0.402   ,5.439   ,7.604   ,0.402   ,5.42   ,7.604   ,0.459   ,5.401   ,7.604   ,0.498   ,5.382   ,7.738   ,0.555   ,5.305   ,7.834   ,0.612   ,5.209   ,8.198   ,0.612   ,5.209   ,8.198   ,0.44   ,5.363   ,7.968   ,0.44   ,5.363   ,7.968   ,0.383   ,5.439   ,8.217   ,0.383   ,5.439   ,8.217   ,0.344   ,5.286   ,8.293   ,0.344   ,5.286   ,8.293   ,0.344   ,5.133   ,8.198   ,0.517   ,4.98   ,8.063   ,0.612   ,4.999   ,7.987   ,0.689   ,5.056   ,7.872   ,0.689   ,5.056   ,7.872   ,0.708   ,5.133   ,7.814   ,0.708   ,5.133   ,7.814   ,0.67   ,5.171   ,7.738   ,0.67   ,5.171   ,7.738   ,0.651   ,5.267   ,7.7   ,0.651   ,5.267   ,7.7   ,0.574   ,5.344   ,7.719   ,0.574   ,5.344   ,7.719   ,0.555   ,5.363   ,7.795   ,0.498   ,5.42   ,7.853   ,0.498   ,5.42   ,7.853   ,0.44   ,5.401   ,7.891   ,0.421   ,5.305   ,7.987   ,0.421   ,5.305   ,7.987   ,0.421   ,5.248   ,7.949   ,0.421   ,5.248   ,7.949   ,0.478   ,5.19   ,7.968   ,0.517   ,5.209   ,7.968   ,0.517   ,5.209   ,7.968   ,0.612   ,5.095   ,7.968   ,0.651   ,5.075   ,7.987   ,0.651   ,5.075   ,7.987   ,0.67   ,5.056   ,7.968   ,0.651   ,5.018   ,7.987   ,0.651   ,5.018   ,7.987   ,0.708   ,5.056   ,7.929   ,0.727   ,5.095   ,8.006   ,0.727   ,5.095   ,8.006   ,0.689   ,5.095   ,7.987   ,0.689   ,5.095   ,7.987   ,0.632   ,5.114   ,7.949   ,0.632   ,5.114   ,7.949   ,0.555   ,5.133   ,7.91   ,0.498   ,5.19   ,7.949   ,0.421   ,5.209   ,7.929   ,0.421   ,5.209   ,7.929   ,0.363   ,5.267   ,7.929   ,0.402   ,5.305   ,7.968   ,0.383   ,5.363   ,7.968   ,0.383   ,5.363   ,7.968   ,0.363   ,5.382   ,7.929   ,0.402   ,5.382   ,7.91   ,0.402   ,5.382   ,7.91   ,0.421   ,5.324   ,7.834   ,0.44   ,5.267   ,7.795   ,0.44   ,5.267   ,7.795   ,0.459   ,5.267   ,7.757   ,0.459   ,5.267   ,7.757   ,0.478   ,5.248   ,7.795   ,0.478   ,5.248   ,7.853   ,0.478   ,5.248   ,7.853   ,0.478   ,5.248   ,7.853   ,0.44   ,5.229   ,7.929   ,0.44   ,5.229   ,7.929   ,0.44   ,5.267   ,7.949   ,0.44   ,5.267   ,7.949   ,0.44   ,5.209   ,7.949   ,0.44   ,5.209   ,7.987   ,0.498   ,5.209   ,7.968   ,0.498   ,5.209   ,7.968   ,0.517   ,5.229   ,7.987   ,0.555   ,5.19   ,8.044   ,0.555   ,5.19   ,8.006   ,0.555   ,5.152   ,7.929   ,0.536   ,5.171   ,7.929   ,0.536   ,5.171   ,7.929   ,0.574   ,5.152   ,7.891   ,0.632   ,5.19   ,7.891   ,0.632   ,5.19   ,7.891   ,0.612   ,5.229   ,7.834   ,0.612   ,5.229   ,7.834   ,0.574   ,5.248   ,7.834   ,0.574   ,5.248   ,7.834   ,0.498   ,5.267   ,7.853   ,0.574   ,5.286   ,7.872   ,0.574   ,5.286   ,7.872   ,0.498   ,5.267   ,7.853   ,0.498   ,5.267   ,7.853   ,0.517   ,5.267   ,7.872   ,0.498   ,5.248   ,7.91   ,0.498   ,5.248   ,7.91   ,0.517   ,5.248   ,7.968   ,0.574   ,5.209   ,7.929   ,0.574   ,5.209   ,7.929   ,0.612   ,5.19   ,7.987   ,0.612   ,5.133   ,8.025   ,0.612   ,5.133   ,8.025   ,0.651   ,5.133   ,8.025   ,0.651   ,5.133   ,8.025   ,0.651   ,5.114   ,7.987   ,0.67   ,5.133   ,7.987   ,0.67   ,5.133   ,7.987   ,0.67   ,5.171   ,7.949   ,0.67   ,5.171   ,7.949   ,0.651   ,5.171   ,7.891   ,0.593   ,5.248   ,7.834   ,0.593   ,5.248   ,7.834   ,0.536   ,5.305   ,7.757   ,0.536   ,5.305   ,7.757   ,0.478   ,5.324   ,7.738   ,0.478   ,5.363   ,7.795   ,0.478   ,5.363   ,7.795   ,0.44   ,5.382   ,7.795   ,0.459   ,5.363   ,7.814   ,0.459   ,5.363   ,7.814   ,0.421   ,5.286   ,7.853   ,0.421   ,5.286   ,7.853   ,0.459   ,5.305   ,7.834   ,0.478   ,5.267   ,7.929   ,0.478   ,5.267   ,7.929   ,0.498   ,5.229   ,7.987   ,0.517   ,5.19   ,7.949   ,0.517   ,5.19   ,7.949   ,0.517   ,5.19   ,7.949   ,0.498   ,5.209   ,7.929   ,0.498   ,5.19   ,7.949   ,0.498   ,5.19   ,7.949   ,0.498   ,5.171   ,7.929   ,0.478   ,5.209   ,7.929   ,0.478   ,5.209   ,7.929   ,0.459   ,5.209   ,7.929   ,0.459   ,5.209   ,7.929   ,0.459   ,5.209   ,7.891   ,0.44   ,5.248   ,7.91   ,0.44   ,5.248   ,7.91   ,0.44   ,5.267   ,7.891   ,0.459   ,5.248   ,7.949   ,0.459   ,5.248   ,7.949   ,0.459   ,5.267   ,7.949   ,0.459   ,5.267   ,7.949   ,0.459   ,5.229   ,7.968   ,0.459   ,5.229   ,7.968   ,0.498   ,5.19   ,7.968   ,0.498   ,5.19   ,7.968   ,0.498   ,5.19   ,7.968   ,0.498   ,5.19   ,7.949   ,0.517   ,5.171   ,7.968   ,0.517   ,5.209   ,7.949   ,0.517   ,5.209   ,7.949   ,0.517   ,5.229   ,7.91   ,0.478   ,5.248   ,7.853   ,0.44   ,5.248   ,7.853   ,0.44   ,5.248   ,7.853   ,0.44   ,5.267   ,7.853   ,0.44   ,5.267   ,7.853   ,0.421   ,5.286   ,7.814   ,0.421   ,5.286   ,7.814   ,0.459   ,5.305   ,7.814   ,0.44   ,5.305   ,7.834   ,0.478   ,5.305   ,7.872   ,0.478   ,5.305   ,7.872   ,0.478   ,5.267   ,7.834   ,0.478   ,5.267   ,7.834   ,0.517   ,5.229   ,7.891   ,0.517   ,5.229   ,7.891   ,0.498   ,5.209   ,7.891   ,0.555   ,5.152   ,7.929   ,0.517   ,5.133   ,8.025   ,0.517   ,5.133   ,8.006   ,0.517   ,5.133   ,8.006   ,0.536   ,5.152   ,8.044   ,0.536   ,5.152   ,8.044   ,0.536   ,5.114   ,8.025   ,0.536   ,5.114   ,7.987   ,0.536   ,5.114   ,7.987   ,0.555   ,5.114   ,8.006   ,0.555   ,5.114   ,8.006   ,0.517   ,5.133   ,7.987   ,0.536   ,5.19   ,7.968   ,0.536   ,5.19   ,7.968   ,0.517   ,5.209   ,7.949   ,0.459   ,5.248   ,7.872   ,0.459   ,5.248   ,7.872   ,0.459   ,5.305   ,7.853   ,0.402   ,5.324   ,7.814   ,0.44   ,5.324   ,7.834   ,0.44   ,5.324   ,7.834   ,0.421   ,5.344   ,7.795   ,0.383   ,5.344   ,7.795   ,0.421   ,5.286   ,7.814   ,0.421   ,5.248   ,7.834   ,0.421   ,5.248   ,7.834   ,0.459   ,5.248   ,7.891   ,0.459   ,5.248   ,7.891   ,0.44   ,5.248   ,7.949   ,0.459   ,5.209   ,7.968   ,0.459   ,5.209   ,7.968   ,0.44   ,5.171   ,8.006   ,0.44   ,5.171   ,7.987   ,0.44   ,5.171   ,7.987   ,0.459   ,5.171   ,7.968   ,0.478   ,5.171   ,7.968   ,0.498   ,5.19   ,7.987   ,0.498   ,5.19   ,7.987   ,0.498   ,5.171   ,7.949   ,0.44   ,5.19   ,7.949   ,0.44   ,5.229   ,7.929   ,0.44   ,5.229   ,7.929   ,0.459   ,5.248   ,7.949   ,0.498   ,5.248   ,7.929   ,0.498   ,5.248   ,7.929   ,0.478   ,5.248   ,7.872   ,0.478   ,5.267   ,7.872   ,0.478   ,5.267   ,7.872   ,0.44   ,5.248   ,7.891   ,0.44   ,5.248   ,7.891   ,0.459   ,5.248   ,7.853   ,0.44   ,5.286   ,7.834   ,0.44   ,5.286   ,7.834   ,0.459   ,5.267   ,7.872   ,0.44   ,5.267   ,7.834   ,0.421   ,5.248   ,7.853   ,0.421   ,5.248   ,7.853   ,0.383   ,5.267   ,7.891   ,0.421   ,5.267   ,7.891   ,0.421   ,5.267   ,7.891   ,0.44   ,5.248   ,7.949   ,0.421   ,5.229   ,7.987   ,0.421   ,5.229   ,7.987   ,0.459   ,5.209   ,8.006   ,0.459   ,5.209   ,8.006   ,0.517   ,5.133   ,8.006   ,0.593   ,5.114   ,7.987   ,0.536   ,5.095   ,8.006   ,0.555   ,5.095   ,7.987   ,0.555   ,5.095   ,7.987   ,0.555   ,5.114   ,7.968   ,0.555   ,5.114   ,7.968   ,0.574   ,5.171   ,7.91   ,0.536   ,5.248   ,7.91   ,0.44   ,5.324   ,7.853   ,0.44   ,5.324   ,7.853   ,0.421   ,5.286   ,7.834   ,0.421   ,5.286   ,7.834   ,0.402   ,5.344   ,7.814   ,0.402   ,5.344   ,7.814   ,0.383   ,5.363   ,7.795   ,0.383   ,5.363   ,7.795   ,0.363   ,5.363   ,7.814   ,0.344   ,5.363   ,7.814   ,0.344   ,5.363   ,7.814   ,0.344   ,5.305   ,7.872   ,0.383   ,5.305   ,7.872   ,0.383   ,5.305   ,7.872   ,0.402   ,5.229   ,7.968   ,0.421   ,5.229   ,8.006   ,0.421   ,5.229   ,8.006   ,0.459   ,5.152   ,8.006   ,0.498   ,5.152   ,8.025   ,0.498   ,5.152   ,8.025   ,0.478   ,5.152   ,7.987   ,0.498   ,5.152   ,7.968   ,0.536   ,5.209   ,7.929   ,0.536   ,5.209   ,7.929   ,0.478   ,5.229   ,7.91   ,0.478   ,5.229   ,7.91   ,0.478   ,5.229   ,7.853   ,0.478   ,5.229   ,7.853   ,0.421   ,5.248   ,7.891   ,0.44   ,5.305   ,7.853   ,0.44   ,5.305   ,7.853   ,0.44   ,5.305   ,7.91   ,0.44   ,5.248   ,7.91   ,0.44   ,5.248   ,7.91   ,0.459   ,5.267   ,7.891   ,0.459   ,5.267   ,7.891   ,0.498   ,5.267   ,7.891   ,0.498   ,5.229   ,7.853   ,0.536   ,5.19   ,7.853   ,0.574   ,5.209   ,7.891   ,0.574   ,5.171   ,7.949   ,0.574   ,5.171   ,7.949   ,0.593   ,5.19   ,7.949   ,0.574   ,5.152   ,7.987   ,0.536   ,5.114   ,7.987   ,0.536   ,5.114   ,7.987   ,0.574   ,5.133   ,7.968   ,0.574   ,5.152   ,7.968   ,0.574   ,5.19   ,7.968   ,0.536   ,5.229   ,7.891   ,0.517   ,5.248   ,7.891   ,0.517   ,5.248   ,7.891   ,0.498   ,5.267   ,7.872   ,0.44   ,5.305   ,7.891   ,0.44   ,5.305   ,7.891   ,0.44   ,5.305   ,7.872   ,0.44   ,5.305   ,7.872   ,0.421   ,5.305   ,7.872   ,0.459   ,5.305   ,7.872   ,0.459   ,5.305   ,7.872   ,0.498   ,5.267   ,7.891   ,0.498   ,5.267   ,7.891   ,0.536   ,5.267   ,7.872   ,0.536   ,5.267   ,7.872   ,0.555   ,5.248   ,7.91   ,0.536   ,5.229   ,7.891   ,0.536   ,5.229   ,7.891   ,0.536   ,5.229   ,7.891   ,0.517   ,5.229   ,7.929   ,0.498   ,5.248   ,7.929   ,0.498   ,5.248   ,7.929   ,0.459   ,5.229   ,7.91   ,0.459   ,5.229   ,7.91   ,0.478   ,5.19   ,7.949   ,0.478   ,5.19   ,7.949   ,0.44   ,5.209   ,7.987   ,0.44   ,5.209   ,7.987   ,0.498   ,5.229   ,7.968   ,0.498   ,5.229   ,7.968   ,0.498   ,5.209   ,7.929   ,0.517   ,5.229   ,7.929   ,0.517   ,5.229   ,7.929   ,0.536   ,5.209   ,7.891   ,0.555   ,5.286   ,7.834   ,0.574   ,5.286   ,7.834   ,0.555   ,5.286   ,7.814   ,0.555   ,5.286   ,7.814   ,0.555   ,5.305   ,7.834   ,0.536   ,5.286   ,7.853   ,0.517   ,5.286   ,7.853   ,0.517   ,5.286   ,7.853   ,0.459   ,5.286   ,7.91   ,0.517   ,5.267   ,7.91   ,0.517   ,5.267   ,7.91   ,0.536   ,5.209   ,8.006   ,0.498   ,5.19   ,7.968   ,0.574   ,5.152   ,7.987   ,0.574   ,5.152   ,7.987   ,0.593   ,5.19   ,8.006   ,0.593   ,5.19   ,8.006   ,0.593   ,5.171   ,8.006   ,0.593   ,5.133   ,7.968   ,0.593   ,5.152   ,7.929   ,0.593   ,5.152   ,7.929   ,0.593   ,5.171   ,7.949   ,0.612   ,5.209   ,7.872   ,0.612   ,5.209   ,7.872   ,0.555   ,5.229   ,7.891   ,0.555   ,5.229   ,7.891   ,0.555   ,5.248   ,7.853   ,0.498   ,5.286   ,7.853   ,0.478   ,5.324   ,7.834   ,0.478   ,5.324   ,7.834   ,0.478   ,5.305   ,7.872   ,0.478   ,5.305   ,7.872   ,0.421   ,5.305   ,7.834   ,0.421   ,5.363   ,7.814   ,0.421   ,5.363   ,7.814   ,0.44   ,5.344   ,7.834   ,0.44   ,5.344   ,7.834   ,0.517   ,5.248   ,7.853   ,0.517   ,5.248   ,7.891   ,0.517   ,5.248   ,7.891   ,0.574   ,5.229   ,7.853   ,0.574   ,5.229   ,7.853   ,0.612   ,5.19   ,7.929   ,0.612   ,5.209   ,7.91   ,0.612   ,5.209   ,7.91   ,0.632   ,5.19   ,7.929   ,0.612   ,5.19   ,7.949   ,0.612   ,5.19   ,7.949   ,0.593   ,5.19   ,7.968   ,0.593   ,5.19   ,7.968   ,0.593   ,5.19   ,7.968   ,0.555   ,5.229   ,7.891   ,0.517   ,5.209   ,7.929   ,0.517   ,5.209   ,7.929   ,0.536   ,5.229   ,7.91   ,0.536   ,5.229   ,7.91   ,0.574   ,5.267   ,7.891   ,0.536   ,5.286   ,7.91   ,0.536   ,5.286   ,7.91   ,0.536   ,5.267   ,7.891   ,0.498   ,5.248   ,7.853   ,0.498   ,5.248   ,7.853   ,0.498   ,5.267   ,7.872   ,0.498   ,5.267   ,7.872   ,0.498   ,5.248   ,7.891   ,0.498   ,5.267   ,7.91   ,0.498   ,5.267   ,7.91   ,0.517   ,5.267   ,7.891   ,0.498   ,5.248   ,7.91   ,0.498   ,5.248   ,7.91   ,0.498   ,5.267   ,7.91   ,0.498   ,5.267   ,7.91   ,0.517   ,5.267   ,7.949   ,0.517   ,5.267   ,7.949   ,0.574   ,5.267   ,7.91   ,0.574   ,5.267   ,7.91   ,0.574   ,5.267   ,7.891   ,0.555   ,5.267   ,7.853   ,0.555   ,5.267   ,7.853   ,0.593   ,5.248   ,7.834   ,0.593   ,5.229   ,7.853   ,0.574   ,5.209   ,7.872   ,0.574   ,5.209   ,7.872   ,0.536   ,5.209   ,7.91   ,0.536   ,5.209   ,7.91   ,0.536   ,5.229   ,7.949   ,0.498   ,5.229   ,7.968   ,0.498   ,5.229   ,7.968   ,0.517   ,5.19   ,7.968   ,0.517   ,5.19   ,7.968   ,0.536   ,5.209   ,7.968   ,0.555   ,5.19   ,7.949   ,0.555   ,5.19   ,7.949   ,0.574   ,5.19   ,7.891   ,0.593   ,5.209   ,7.949   ,0.593   ,5.209   ,7.949   ,0.555   ,5.229   ,7.91   ,0.574   ,5.209   ,7.929   ,0.555   ,5.209   ,7.891   ,0.555   ,5.209   ,7.891   ,0.536   ,5.209   ,7.91   ,0.536   ,5.209   ,7.91   ,0.517   ,5.248   ,7.949   ,0.478   ,5.248   ,7.929   ,0.478   ,5.248   ,7.929   ,0.459   ,5.248   ,7.929   ,0.459   ,5.248   ,7.929   ,0.459   ,5.267   ,7.949   ,0.478   ,5.248   ,7.91   ,0.478   ,5.248   ,7.91   ,0.498   ,5.248   ,7.872   ,0.498   ,5.248   ,7.872   ,0.498   ,5.248   ,7.853   ,0.498   ,5.286   ,7.853   ,0.498   ,5.267   ,7.872   ,0.498   ,5.267   ,7.872   ,0.478   ,5.267   ,7.872   ,0.478   ,5.248   ,7.891   ,0.478   ,5.248   ,7.891   ,0.478   ,5.248   ,7.91   ,0.478   ,5.248   ,7.929   ,0.478   ,5.248   ,7.929   ,0.517   ,5.229   ,7.929   ,0.517   ,5.229   ,7.91   ,0.517   ,5.209   ,7.929   ,0.517   ,5.209   ,7.929   ,0.517   ,5.209   ,7.929   ,0.536   ,5.209   ,7.949   ,0.536   ,5.209   ,7.949   ,0.574   ,5.209   ,7.949   ,0.574   ,5.209   ,7.949   ,0.517   ,5.209   ,7.949   ,0.517   ,5.209   ,7.949   ,0.498   ,5.209   ,7.91   ,0.498   ,5.229   ,7.929   ,0.498   ,5.229   ,7.929   ,0.478   ,5.229   ,7.929   ,0.478   ,5.229   ,7.929   ,0.459   ,5.267   ,7.949   ,0.44   ,5.267   ,7.891   ,0.44   ,5.267   ,7.891   ,0.44   ,5.267   ,7.91   ,0.402   ,5.248   ,7.872   ,0.402   ,5.248   ,7.872   ,0.421   ,5.248   ,7.872   ,0.459   ,5.267   ,7.949   ,0.459   ,5.267   ,7.949   ,0.459   ,5.229   ,7.949   ,0.498   ,5.19   ,7.968   ,0.498   ,5.19   ,7.968   ,0.536   ,5.229   ,7.968   ,0.498   ,5.19   ,7.929   ,0.498   ,5.19   ,7.929   ,0.536   ,5.19   ,7.929   ,0.555   ,5.229   ,7.853   ,0.555   ,5.229   ,7.853   ,0.517   ,5.248   ,7.834   ,0.536   ,5.267   ,7.872   ,0.536   ,5.267   ,7.872   ,0.498   ,5.267   ,7.853   ,0.498   ,5.267   ,7.853   ,0.44   ,5.286   ,7.872   ,0.402   ,5.286   ,7.872   ,0.402   ,5.286   ,7.872   ,0.421   ,5.267   ,7.91   ,0.478   ,5.248   ,7.929   ,0.478   ,5.248   ,7.929   ,0.498   ,5.248   ,7.929   ,0.498   ,5.248   ,7.929   ,0.498   ,5.209   ,7.968   ,0.536   ,5.171   ,7.987   ,0.536   ,5.171   ,7.987   ,0.536   ,5.133   ,7.968   ,0.517   ,5.095   ,7.968   ,0.517   ,5.095   ,7.968   ,0.593   ,5.133   ,7.968   ,0.555   ,5.133   ,7.987   ,0.555   ,5.133   ,7.987   ,0.536   ,5.171   ,7.949   ,0.536   ,5.171   ,7.949   ,0.498   ,5.19   ,7.929   ,0.478   ,5.209   ,7.91   ,0.478   ,5.209   ,7.91   ,0.478   ,5.229   ,7.929   ,0.459   ,5.248   ,7.891   ,0.459   ,5.248   ,7.891   ,0.402   ,5.229   ,7.872   ,0.402   ,5.286   ,7.929   ,0.402   ,5.286   ,7.929   ,0.421   ,5.305   ,7.91   ,0.421   ,5.305   ,7.91   ,0.44   ,5.286   ,7.891   ,0.44   ,5.267   ,7.891   ,0.44   ,5.267   ,7.891   ,0.44   ,5.229   ,7.872   ,0.478   ,5.209   ,7.872   ,0.478   ,5.209   ,7.872   ,0.478   ,5.209   ,7.91   ,0.536   ,5.229   ,7.987   ,0.536   ,5.229   ,7.987   ,0.517   ,5.209   ,7.968   ,0.517   ,5.209   ,7.968   ,0.498   ,5.19   ,7.949   ,0.517   ,5.19   ,7.929   ,0.536   ,5.171   ,7.987   ,0.517   ,5.19   ,7.872   ,0.536   ,5.229   ,7.891   ,0.536   ,5.229   ,7.891   ,0.478   ,5.248   ,7.949   ,0.478   ,5.248   ,7.949   ,0.459   ,5.229   ,7.929   ,0.421   ,5.286   ,7.949   ,0.421   ,5.286   ,7.949   ,0.44   ,5.267   ,7.891   ,0.44   ,5.267   ,7.891   ,0.402   ,5.305   ,7.91   ,0.402   ,5.305   ,7.91   ,0.402   ,5.248   ,7.891   ,0.421   ,5.229   ,7.891   ,0.421   ,5.229   ,7.891   ,0.421   ,5.248   ,7.91   ,0.421   ,5.248   ,7.91   ,0.44   ,5.248   ,7.929   ,0.498   ,5.229   ,7.949   ,0.498   ,5.229   ,7.949   ,0.555   ,5.209   ,7.91   ,0.555   ,5.171   ,7.929   ,0.574   ,5.152   ,7.91   ,0.574   ,5.152   ,7.91   ,0.593   ,5.19   ,7.91   ,0.555   ,5.209   ,7.929   ,0.555   ,5.209   ,7.929   ,0.555   ,5.209   ,7.929   ,0.517   ,5.19   ,7.91   ,0.517   ,5.19   ,7.91   ,0.517   ,5.229   ,7.91   ,0.478   ,5.248   ,7.929   ,0.459   ,5.248   ,7.891   ,0.459   ,5.248   ,7.891   ,0.498   ,5.248   ,7.91   ,0.478   ,5.248   ,7.91   ,0.478   ,5.248   ,7.91   ,0.498   ,5.248   ,7.929   ,0.478   ,5.209   ,7.91   ,0.498   ,5.19   ,7.968   ,0.498   ,5.19   ,7.968   ,0.517   ,5.19   ,8.006   ,0.517   ,5.19   ,7.987   ,0.536   ,5.209   ,7.968   ,0.536   ,5.209   ,7.968   ,0.555   ,5.19   ,7.968   ,0.555   ,5.19   ,7.968   ,0.536   ,5.209   ,7.91   ,0.517   ,5.229   ,7.891   ,0.478   ,5.248   ,7.853   ,0.478   ,5.267   ,7.853   ,0.478   ,5.267   ,7.853   ,0.478   ,5.286   ,7.891   ,0.478   ,5.286   ,7.891   ,0.459   ,5.267   ,7.891   ,0.459   ,5.267   ,7.891   ,0.44   ,5.286   ,7.891   ,0.459   ,5.305   ,7.891   ,0.459   ,5.286   ,7.853   ,0.459   ,5.248   ,7.853   ,0.498   ,5.248   ,7.891   ,0.498   ,5.248   ,7.891   ,0.536   ,5.209   ,7.872   ,0.517   ,5.229   ,7.891   ,0.517   ,5.229   ,7.891   ,0.555   ,5.19   ,7.891   ,0.555   ,5.19   ,7.891   ,0.555   ,5.19   ,7.891   ,0.574   ,5.229   ,7.891   ,0.536   ,5.229   ,7.91   ,0.536   ,5.229   ,7.91   ,0.536   ,5.229   ,7.91   ,0.555   ,5.248   ,7.929   ,0.555   ,5.248   ,7.929   ,0.44   ,5.248   ,7.795   ,0.44   ,5.229   ,7.949   ,0.44   ,5.229   ,7.949   ,0.536   ,5.267   ,7.929   ,0.536   ,5.267   ,7.929   ,0.574   ,5.209   ,7.929   ,0.555   ,5.171   ,7.949   ,0.555   ,5.171   ,7.949   ,0.555   ,5.171   ,8.006   ,0.612   ,5.133   ,7.987   ,0.67   ,5.152   ,7.968   ,0.67   ,5.152   ,7.968   ,0.67   ,5.19   ,7.949   ,0.651   ,5.19   ,7.91   ,0.651   ,5.19   ,7.91   ,0.651   ,5.19   ,7.872   ,0.574   ,5.19   ,7.872   ,0.574   ,5.19   ,7.872   ,0.536   ,5.229   ,7.891   ,0.536   ,5.229   ,7.91   ,0.536   ,5.229   ,7.91   ,0.478   ,5.305   ,7.929   ,0.478   ,5.305   ,7.929   ,0.478   ,5.267   ,7.929   ,0.44   ,5.248   ,7.929   ,0.44   ,5.248   ,7.929   ,0.478   ,5.248   ,7.929   ,0.536   ,5.209   ,7.949   ,0.536   ,5.209   ,7.949   ,0.555   ,5.209   ,7.929   ,0.555   ,5.19   ,7.891   ,0.612   ,5.19   ,7.929   ,0.612   ,5.19   ,7.929   ,0.632   ,5.152   ,7.949   ,0.574   ,5.152   ,7.929   ,0.574   ,5.152   ,7.929   ,0.574   ,5.171   ,7.968   ,0.555   ,5.19   ,7.968   ,0.574   ,5.19   ,7.968   ,0.574   ,5.19   ,7.968   ,0.536   ,5.229   ,7.949   ,0.536   ,5.171   ,8.006   ,0.536   ,5.171   ,8.006   ,0.517   ,5.19   ,8.006   ,0.498   ,5.209   ,8.006   ,0.536   ,5.209   ,7.949   ,0.536   ,5.209   ,7.949   ,0.536   ,5.209   ,7.91   ,0.536   ,5.248   ,7.929   ,0.536   ,5.248   ,7.929   ,0.593   ,5.248   ,7.891   ,0.593   ,5.248   ,7.891   ,0.574   ,5.248   ,7.834   ,0.574   ,5.248   ,7.853   ,0.574   ,5.248   ,7.853   ,0.555   ,5.248   ,7.872   ,0.517   ,5.286   ,7.891   ,0.517   ,5.209   ,7.891   ,0.498   ,5.209   ,7.891   ,0.498   ,5.209   ,7.891   ,0.498   ,5.19   ,7.91   ,0.498   ,5.19   ,7.91   ,0.517   ,5.171   ,7.929   ,0.555   ,5.171   ,7.949   ,0.574   ,5.152   ,7.929   ,0.574   ,5.152   ,7.929   ,0.593   ,5.19   ,7.987   ,0.593   ,5.19   ,7.987   ,0.632   ,5.133   ,7.968   ,0.632   ,5.133   ,7.929   ,0.67   ,5.133   ,7.968   ,0.67   ,5.133   ,7.968   ,0.651   ,5.133   ,7.968   ,0.651   ,5.133   ,7.968   ,0.708   ,5.114   ,7.987   ,0.612   ,5.133   ,7.91   ,0.612   ,5.133   ,7.91   ,0.555   ,5.152   ,7.929   ,0.555   ,5.152   ,7.929   ,0.555   ,5.209   ,7.987   ,0.536   ,5.209   ,7.91   ,0.498   ,5.229   ,7.929   ,0.44   ,5.286   ,7.949   ,0.44   ,5.286   ,7.949   ,0.421   ,5.267   ,7.872   ,0.421   ,5.267   ,7.872   ,0.478   ,5.305   ,7.891   ,0.402   ,5.305   ,7.834   ,0.459   ,5.286   ,7.872   ,0.478   ,5.344   ,7.91   ,0.478   ,5.344   ,7.91   ,0.498   ,5.286   ,7.853   ,0.498   ,5.267   ,7.853   ,0.517   ,5.209   ,7.853   ,0.517   ,5.209   ,7.853   ,0.517   ,5.209   ,7.891   ,0.517   ,5.209   ,7.929   ,0.517   ,5.209   ,7.929   ,0.555   ,5.171   ,7.949   ,0.536   ,5.19   ,7.987   ,0.536   ,5.19   ,7.987   ,0.536   ,5.171   ,8.025   ,0.555   ,5.133   ,8.025   ,0.632   ,5.114   ,8.025   ,0.632   ,5.114   ,8.025   ,0.632   ,5.114   ,7.987   ,0.632   ,5.133   ,7.968   ,0.593   ,5.114   ,7.968   ,0.612   ,5.19   ,7.929   ,0.612   ,5.19   ,7.929   ,0.574   ,5.19   ,7.891   ,0.574   ,5.19   ,7.891   ,0.536   ,5.267   ,7.853   ,0.555   ,5.267   ,7.872   ,0.555   ,5.267   ,7.872   ,0.593   ,5.286   ,7.834   ,0.593   ,5.286   ,7.834   ,0.574   ,5.286   ,7.872   ,0.574   ,5.286   ,7.872   ,0.574   ,5.267   ,7.853   ,0.593   ,5.229   ,7.853   ,0.593   ,5.209   ,7.891   ,0.612   ,5.171   ,7.929   ,0.612   ,5.171   ,7.929   ,0.593   ,5.152   ,7.949   ,0.593   ,5.152   ,7.987   ,0.593   ,5.152   ,7.987   ,0.612   ,5.152   ,7.968   ,0.593   ,5.152   ,7.987   ,0.632   ,5.152   ,7.949   ,0.612   ,5.171   ,7.949   ,0.612   ,5.229   ,7.949   ,0.612   ,5.229   ,7.949   ,0.612   ,5.209   ,7.91   ,0.593   ,5.248   ,7.891   ,0.612   ,5.267   ,7.891   ,0.612   ,5.267   ,7.891   ,0.574   ,5.267   ,7.91   ,0.574   ,5.267   ,7.91   ,0.593   ,5.267   ,7.929   ,0.555   ,5.248   ,7.929   ,0.574   ,5.248   ,7.949   ,0.574   ,5.248   ,7.949   ,0.555   ,5.19   ,7.949   ,0.555   ,5.19   ,7.929   ,0.555   ,5.19   ,7.929   ,0.574   ,5.209   ,7.929   ,0.612   ,5.209   ,7.987   ,0.612   ,5.209   ,7.987   ,0.612   ,5.209   ,7.968   ,0.612   ,5.209   ,7.987   ,0.612   ,5.209   ,7.987   ,0.651   ,5.209   ,7.891   ,0.651   ,5.209   ,7.891   ,0.67   ,5.229   ,7.891   ,0.67   ,5.229   ,7.891   ,0.689   ,5.248   ,7.814   ,0.708   ,5.229   ,7.834   ,0.708   ,5.229   ,7.834   ,0.708   ,5.229   ,7.814   ,0.708   ,5.286   ,7.795   ,0.708   ,5.286   ,7.795   ,0.612   ,5.229   ,7.853   ,0.612   ,5.229   ,7.853   ,0.651   ,5.229   ,7.91   ,0.632   ,5.229   ,7.891   ,0.632   ,5.229   ,7.891   ,0.632   ,5.19   ,7.929   ,0.632   ,5.171   ,7.968   ,0.632   ,5.171   ,7.968   ,0.689   ,5.152   ,7.968   ,0.651   ,5.133   ,7.929   ,0.766   ,5.114   ,7.929   ,0.766   ,5.114   ,7.929   ,0.804   ,5.133   ,7.949   ,0.823   ,5.152   ,8.006   ,0.823   ,5.152   ,8.006   ,0.785   ,5.114   ,7.968   ,0.727   ,5.095   ,7.968   ,0.67   ,5.095   ,7.968   ,0.67   ,5.171   ,7.949   ,0.651   ,5.19   ,7.91   ,0.651   ,5.19   ,7.91   ,0.612   ,5.19   ,7.891   ,0.536   ,5.248   ,7.853   ,0.555   ,5.267   ,7.872   ,0.555   ,5.267   ,7.872   ,0.517   ,5.305   ,7.872   ,0.517   ,5.305   ,7.872   ,0.536   ,5.305   ,7.853   ,0.536   ,5.267   ,7.891   ,0.536   ,5.248   ,7.891   ,0.536   ,5.248   ,7.891   ,0.517   ,5.248   ,7.872   ,0.555   ,5.229   ,7.91   ,0.555   ,5.19   ,7.91   ,0.555   ,5.19   ,7.91   ,0.574   ,5.19   ,7.929   ,0.574   ,5.152   ,7.987   ,0.574   ,5.152   ,7.987   ,0.555   ,5.171   ,8.025   ,0.555   ,5.171   ,8.025   ,0.536   ,5.133   ,8.025   ,0.536   ,5.152   ,8.006   ,0.574   ,5.209   ,7.987   ,0.593   ,5.248   ,7.949   ,0.593   ,5.248   ,7.949   ,0.651   ,5.305   ,7.929   ,0.651   ,5.305   ,7.929   ,0.632   ,5.267   ,7.853   ,0.612   ,5.286   ,7.834   ,0.612   ,5.286   ,7.834   ,0.593   ,5.267   ,7.872   ,0.555   ,5.248   ,7.872   ,0.517   ,5.19   ,7.872   ,0.517   ,5.19   ,7.872   ,0.555   ,5.171   ,7.929   ,0.555   ,5.171   ,7.929   ,0.517   ,5.152   ,7.987   ,0.498   ,5.114   ,8.044   ,0.478   ,5.114   ,8.063   ,0.478   ,5.114   ,8.063   ,0.555   ,5.114   ,8.083   ,0.612   ,5.095   ,8.063   ,0.651   ,5.095   ,7.987   ,0.651   ,5.095   ,7.987   ,0.67   ,5.133   ,7.929   ,0.67   ,5.114   ,7.91   ,0.651   ,5.152   ,7.872   ,0.651   ,5.19   ,7.872   ,0.651   ,5.19   ,7.872   ,0.632   ,5.209   ,7.891   ,0.593   ,5.19   ,7.91   ,0.536   ,5.19   ,7.91   ,0.536   ,5.19   ,7.91   ,0.498   ,5.209   ,7.968   ,0.498   ,5.209   ,7.968   ,0.517   ,5.19   ,7.987   ,0.517   ,5.209   ,7.987   ,0.498   ,5.19   ,7.968   ,0.555   ,5.152   ,7.968   ,0.555   ,5.152   ,7.968   ,0.574   ,5.152   ,7.968   ,0.593   ,5.114   ,7.987   ,0.593   ,5.114   ,7.987   ,0.555   ,5.133   ,8.006   ,0.555   ,5.152   ,8.025   ,0.574   ,5.152   ,7.987   ,0.574   ,5.152   ,7.987   ,0.536   ,5.152   ,7.968   ,0.498   ,5.209   ,7.929   ,0.498   ,5.19   ,7.949   ,0.498   ,5.19   ,7.949   ,0.498   ,5.229   ,7.891   ,0.478   ,5.248   ,7.891   ,0.478   ,5.248   ,7.891   ,0.498   ,5.267   ,7.872   ,0.498   ,5.267   ,7.872   ,0.478   ,5.286   ,7.872   ,0.478   ,5.267   ,7.872   ,0.517   ,5.229   ,7.91   ,0.517   ,5.248   ,7.91   ,0.555   ,5.209   ,7.949   ,0.555   ,5.209   ,7.949   ,0.574   ,5.171   ,7.929   ,0.593   ,5.133   ,7.968   ,0.593   ,5.133   ,7.968   ,0.632   ,5.075   ,8.006   ,0.632   ,5.095   ,8.025   ,0.632   ,5.095   ,8.025   ,0.651   ,5.095   ,8.006   ,0.632   ,5.075   ,7.968   ,0.612   ,5.114   ,7.949   ,0.612   ,5.114   ,7.949   ,0.593   ,5.209   ,7.987   ,0.593   ,5.19   ,7.929   ,0.593   ,5.19   ,7.929   ,0.574   ,5.209   ,7.91   ,0.574   ,5.209   ,7.91   ,0.536   ,5.267   ,7.891   ,0.555   ,5.248   ,7.91   ,0.555   ,5.248   ,7.91   ,0.478   ,5.248   ,7.891   ,0.517   ,5.248   ,7.91   ,0.517   ,5.248   ,7.91   ,0.517   ,5.248   ,7.949   ,0.517   ,5.248   ,7.949   ,0.574   ,5.248   ,7.949   ,0.593   ,5.19   ,7.987   ,0.593   ,5.171   ,7.949   ,0.651   ,5.133   ,7.987   ,0.651   ,5.133   ,7.987   ,0.67   ,5.133   ,7.929   ,0.632   ,5.114   ,7.891   ,0.67   ,5.171   ,7.891   ,0.67   ,5.171   ,7.891   ,0.632   ,5.209   ,7.872   ,0.612   ,5.229   ,7.891   ,0.593   ,5.248   ,7.891   ,0.593   ,5.229   ,7.929   ,0.574   ,5.19   ,7.929   ,0.574   ,5.19   ,7.929   ,0.574   ,5.209   ,7.91   ,0.632   ,5.19   ,7.949   ,0.651   ,5.19   ,7.929   ,0.651   ,5.19   ,7.929   ,0.708   ,5.171   ,7.968   ,0.708   ,5.171   ,7.968   ,0.67   ,5.133   ,7.949   ,0.67   ,5.133   ,7.949   ,0.651   ,5.095   ,7.968   ,0.651   ,5.133   ,7.949   ,0.651   ,5.133   ,7.949   ,0.67   ,5.152   ,7.968   ,0.651   ,5.152   ,7.929   ,0.651   ,5.152   ,7.929   ,0.593   ,5.209   ,7.929   ,0.593   ,5.229   ,7.968   ,0.593   ,5.229   ,7.949   ,0.593   ,5.229   ,7.949   ,0.593   ,5.248   ,7.929   ,0.593   ,5.248   ,7.929   ,0.632   ,5.229   ,7.91   ,0.632   ,5.229   ,7.91   ,0.612   ,5.248   ,7.91   ,0.632   ,5.229   ,7.872   ,0.632   ,5.209   ,7.891   ,0.632   ,5.209   ,7.891   ,0.593   ,5.209   ,7.891   ,0.67   ,5.209   ,7.91   ,0.67   ,5.209   ,7.91   ,0.612   ,5.209   ,7.91   ,0.612   ,5.209   ,7.91   ,0.632   ,5.209   ,7.949   ,0.632   ,5.209   ,7.949   ,0.632   ,5.209   ,7.949   ,0.632   ,5.209   ,7.949   ,0.689   ,5.19   ,7.91   ,0.689   ,5.19   ,7.91   ,0.651   ,5.171   ,7.91   ,0.651   ,5.171   ,7.91   ,0.689   ,5.171   ,7.929   ,0.689   ,5.171   ,7.91   ,0.689   ,5.171   ,7.91   ,0.67   ,5.19   ,7.929   ,0.67   ,5.19   ,7.929   ,0.632   ,5.19   ,7.91   ,0.632   ,5.19   ,7.91   ,0.612   ,5.229   ,7.91   ,0.555   ,5.248   ,7.91   ,0.555   ,5.229   ,7.91   ,0.555   ,5.229   ,7.91   ,0.574   ,5.248   ,7.968   ,0.574   ,5.267   ,7.91   ,0.574   ,5.267   ,7.91   ,0.593   ,5.267   ,7.949   ,0.651   ,5.229   ,7.949   ,0.651   ,5.229   ,7.949   ,0.67   ,5.19   ,7.91   ,0.689   ,5.209   ,7.929   ,0.708   ,5.209   ,7.872   ,0.708   ,5.209   ,7.872   ,0.708   ,5.209   ,7.853   ,0.708   ,5.209   ,7.853   ,0.708   ,5.19   ,7.872   ,0.708   ,5.19   ,7.872   ,0.708   ,5.209   ,7.834   ,0.708   ,5.209   ,7.834   ,0.689   ,5.19   ,7.91   ,0.651   ,5.171   ,7.91   ,0.651   ,5.171   ,7.91   ,0.632   ,5.209   ,8.006   ,0.632   ,5.209   ,8.006   ,0.651   ,5.152   ,7.968   ,0.612   ,5.114   ,8.025   ,0.612   ,5.114   ,8.025   ,0.632   ,5.114   ,8.006   ,0.67   ,5.133   ,7.987   ,0.689   ,5.133   ,7.949   ,0.689   ,5.133   ,7.949   ,0.708   ,5.152   ,7.968   ,0.689   ,5.171   ,7.91   ,0.689   ,5.171   ,7.91   ,0.708   ,5.19   ,7.929   ,0.708   ,5.19   ,7.929   ,0.651   ,5.229   ,7.929   ,0.593   ,5.229   ,7.929   ,0.593   ,5.229   ,7.929   ,0.574   ,5.248   ,7.91   ,0.574   ,5.248   ,7.891   ,0.593   ,5.229   ,7.891   ,0.593   ,5.229   ,7.891   ,0.574   ,5.248   ,7.891   ,0.574   ,5.248   ,7.891   ,0.574   ,5.248   ,7.929   ,0.593   ,5.248   ,7.891   ,0.632   ,5.209   ,7.872   ,0.632   ,5.209   ,7.872   ,0.651   ,5.229   ,7.91   ,0.651   ,5.209   ,7.891   ,0.651   ,5.209   ,7.891   ,0.67   ,5.19   ,7.91   ,0.67   ,5.19   ,7.91   ,0.651   ,5.229   ,7.891   ,0.689   ,5.229   ,7.91   ,0.689   ,5.229   ,7.91   ,0.67   ,5.209   ,7.949   ,0.67   ,5.19   ,7.949   ,0.67   ,5.19   ,7.949   ,0.67   ,5.19   ,7.929   ,0.632   ,5.209   ,7.91   ,0.632   ,5.209   ,7.91   ,0.651   ,5.209   ,7.929   ,0.612   ,5.19   ,7.929   ,0.612   ,5.19   ,7.929   ,0.612   ,5.19   ,7.949   ,0.612   ,5.209   ,7.949   ,0.651   ,5.229   ,7.929   ,0.651   ,5.229   ,7.929   ,0.632   ,5.209   ,7.91   ,0.632   ,5.209   ,7.91   ,0.651   ,5.19   ,7.929   ,0.651   ,5.19   ,7.949   ,0.651   ,5.19   ,7.949   ,0.651   ,5.209   ,7.872   ,0.632   ,5.19   ,7.872   ,0.632   ,5.19   ,7.872   ,0.593   ,5.19   ,7.91   ,0.574   ,5.209   ,7.949   ,0.555   ,5.229   ,7.968   ,0.555   ,5.229   ,7.968   ,0.593   ,5.209   ,7.949   ,0.593   ,5.209   ,7.949   ,0.612   ,5.229   ,7.949   ,0.593   ,5.19   ,7.91   ,0.689   ,5.209   ,7.891   ,0.708   ,5.209   ,7.853   ,0.708   ,5.209   ,7.853   ,0.67   ,5.19   ,7.853   ,0.67   ,5.19   ,7.853   ,0.651   ,5.209   ,7.872   ,0.651   ,5.209   ,7.891   ,0.651   ,5.209   ,7.891   ,0.632   ,5.19   ,7.929   ,0.632   ,5.19   ,7.929   ,0.632   ,5.19   ,8.025   ,0.574   ,5.152   ,8.025   ,0.593   ,5.152   ,8.044   ,0.593   ,5.152   ,8.044   ,0.632   ,5.133   ,8.025   ,0.632   ,5.133   ,8.025   ,0.632   ,5.171   ,7.968   ,0.632   ,5.171   ,7.949   ,0.651   ,5.19   ,7.929   ,0.651   ,5.19   ,7.891   ,0.651   ,5.19   ,7.891   ,0.632   ,5.229   ,7.872   ,0.632   ,5.229   ,7.872   ,0.555   ,5.229   ,7.91   ,0.574   ,5.229   ,7.929   ,0.574   ,5.229   ,7.929   ,0.574   ,5.209   ,7.968   ,0.574   ,5.209   ,7.968   ,0.555   ,5.229   ,7.929   ,0.593   ,5.229   ,7.968   ,0.593   ,5.229   ,7.968   ,0.593   ,5.229   ,7.91   ,0.612   ,5.229   ,7.91   ,0.651   ,5.19   ,7.872   ,0.67   ,5.19   ,7.891   ,0.67   ,5.19   ,7.891   ,0.651   ,5.171   ,7.91   ,0.651   ,5.171   ,7.91   ,0.689   ,5.171   ,7.891   ,0.689   ,5.171   ,7.891   ,0.689   ,5.152   ,7.929   ,0.689   ,5.152   ,7.929   ,0.689   ,5.152   ,7.968   ,0.67   ,5.19   ,7.968   ,0.689   ,5.133   ,7.968   ,0.689   ,5.133   ,7.968   ,0.67   ,5.152   ,7.987   ,0.651   ,5.133   ,7.929   ,0.651   ,5.133   ,7.929   ,0.67   ,5.171   ,7.949   ,0.67   ,5.171   ,7.949   ,0.67   ,5.19   ,7.929   ,0.67   ,5.19   ,7.929   ,0.612   ,5.19   ,7.949   ,0.612   ,5.19   ,7.949   ,0.612   ,5.19   ,7.949   ,0.632   ,5.229   ,7.949   ,0.632   ,5.229   ,7.949   ,0.593   ,5.209   ,7.91   ,0.612   ,5.229   ,7.949   ,0.612   ,5.229   ,7.891   ,0.612   ,5.229   ,7.891   ,0.593   ,5.229   ,7.891   ,0.593   ,5.229   ,7.929   ,0.574   ,5.209   ,7.968   ,0.612   ,5.209   ,7.91   ,0.612   ,5.209   ,7.91   ,0.651   ,5.19   ,7.929   ,0.612   ,5.171   ,7.949   ,0.632   ,5.171   ,7.929   ,0.632   ,5.171   ,7.929   ,0.651   ,5.209   ,7.949   ,0.651   ,5.209   ,7.949   ,0.632   ,5.171   ,7.929   ,0.67   ,5.19   ,7.891   ,0.67   ,5.19   ,7.891   ,0.632   ,5.209   ,7.891   ,0.632   ,5.209   ,7.91   ,0.612   ,5.267   ,7.872   ,0.612   ,5.267   ,7.872   ,0.632   ,5.229   ,7.91   ,0.632   ,5.229   ,7.91   ,0.632   ,5.229   ,7.91   ,0.612   ,5.229   ,7.929   ,0.632   ,5.19   ,7.949   ,0.632   ,5.19   ,7.949   ,0.67   ,5.171   ,8.006   ,0.67   ,5.171   ,8.006   ,0.727   ,5.133   ,8.006   ,0.67   ,5.152   ,7.987   ,0.67   ,5.152   ,7.987   ,0.727   ,5.133   ,7.968   ,0.727   ,5.133   ,7.968   ,0.689   ,5.114   ,7.968   ,0.708   ,5.152   ,7.987   ,0.708   ,5.152   ,7.987   ,0.689   ,5.19   ,7.949   ,0.67   ,5.19   ,7.929   ,0.67   ,5.19   ,7.929   ,0.632   ,5.248   ,7.949   ,0.593   ,5.229   ,7.891   ,0.593   ,5.229   ,7.891   ,0.593   ,5.248   ,7.891   ,0.574   ,5.248   ,7.872   ,0.593   ,5.229   ,7.929   ,0.593   ,5.229   ,7.929   ,0.612   ,5.229   ,7.853   ,0.612   ,5.19   ,7.91   ,0.612   ,5.19   ,7.91   ,0.651   ,5.19   ,7.929   ,0.651   ,5.19   ,7.929   ,0.67   ,5.19   ,7.929   ,0.67   ,5.19   ,7.929   ,0.708   ,5.19   ,7.949   ,0.67   ,5.171   ,7.949   ,0.689   ,5.171   ,7.987   ,0.689   ,5.171   ,7.987   ,0.689   ,5.133   ,7.929   ,0.689   ,5.133   ,7.929   ,0.651   ,5.152   ,7.949   ,0.651   ,5.152   ,7.949   ,0.689   ,5.133   ,7.987   ,0.689   ,5.152   ,8.006   ,0.708   ,5.171   ,7.949   ,0.708   ,5.171   ,7.949   ,0.651   ,5.152   ,7.968   ,0.67   ,5.171   ,7.968   ,0.689   ,5.171   ,7.929   ,0.689   ,5.171   ,7.929   ,0.612   ,5.209   ,7.91   ,0.632   ,5.19   ,7.872   ,0.651   ,5.248   ,7.891   ,0.612   ,5.286   ,7.891   ,0.612   ,5.286   ,7.891   ,0.574   ,5.248   ,7.91   ,0.612   ,5.248   ,7.949   ,0.612   ,5.248   ,7.949   ,0.612   ,5.209   ,7.968   ,0.612   ,5.209   ,7.968   ,0.612   ,5.19   ,7.987   ,0.612   ,5.19   ,7.987   ,0.612   ,5.19   ,7.968   ,0.67   ,5.171   ,7.929   ,0.67   ,5.171   ,7.929   ,0.689   ,5.209   ,7.891   ,0.689   ,5.209   ,7.891   ,0.708   ,5.19   ,7.891   ,0.708   ,5.209   ,7.834   ,0.708   ,5.209   ,7.834   ,0.689   ,5.19   ,7.853   ,0.727   ,5.229   ,7.891   ,0.727   ,5.229   ,7.891   ,0.689   ,5.19   ,7.891   ,0.689   ,5.209   ,7.929   ,0.689   ,5.209   ,7.929   ,0.632   ,5.209   ,7.949   ,0.632   ,5.209   ,7.949   ,0.612   ,5.171   ,7.987   ,0.632   ,5.133   ,8.025   ,0.632   ,5.133   ,8.025   ,0.632   ,5.114   ,8.044   ,0.708   ,5.114   ,8.006   ,0.708   ,5.114   ,8.006   ,0.689   ,5.114   ,7.987   ,0.689   ,5.114   ,7.987   ,0.708   ,5.152   ,7.987   ,0.708   ,5.152   ,7.968   ,0.708   ,5.152   ,7.929   ,0.708   ,5.152   ,7.929   ,0.67   ,5.19   ,7.929   ,0.67   ,5.19   ,7.929   ,0.651   ,5.209   ,7.949   ,0.651   ,5.209   ,7.949   ,0.593   ,5.229   ,7.891   ,0.555   ,5.248   ,7.891   ,0.555   ,5.248   ,7.891   ,0.536   ,5.267   ,7.91   ,0.517   ,5.267   ,7.91   ,0.517   ,5.267   ,7.91   ,0.517   ,5.286   ,7.91   ,0.536   ,5.267   ,7.891   ,0.612   ,5.248   ,7.891   ,0.612   ,5.248   ,7.891   ,0.651   ,5.209   ,7.891   ,0.689   ,5.209   ,7.929   ,0.689   ,5.19   ,7.91   ,0.727   ,5.152   ,7.949   ,0.727   ,5.152   ,7.949   ,0.689   ,5.152   ,7.968   ,0.708   ,5.171   ,7.949   ,0.708   ,5.171   ,7.949   ,0.689   ,5.152   ,7.949   ,0.67   ,5.152   ,7.949   ,0.67   ,5.152   ,7.949   ,0.651   ,5.171   ,7.968   ,0.612   ,5.19   ,7.949   ,0.612   ,5.19   ,7.949   ,0.651   ,5.171   ,7.949   ,0.651   ,5.171   ,7.949   ,0.651   ,5.171   ,7.91   ,0.651   ,5.171   ,7.91   ,0.632   ,5.229   ,7.949   ,0.632   ,5.209   ,7.91   ,0.632   ,5.209   ,7.91   ,0.612   ,5.229   ,7.872   ,0.612   ,5.19   ,7.91   ,0.612   ,5.229   ,7.949   ,0.593   ,5.248   ,7.949   ,0.593   ,5.248   ,7.949   ,0.632   ,5.19   ,7.968   ,0.593   ,5.19   ,7.949   ,0.593   ,5.19   ,7.949   ,0.632   ,5.152   ,7.987   ,0.632   ,5.152   ,7.987   ,0.632   ,5.152   ,7.949   ,0.632   ,5.152   ,7.949   ,0.689   ,5.152   ,7.91   ,0.651   ,5.171   ,7.891   ,0.651   ,5.171   ,7.891   ,0.689   ,5.171   ,7.91   ,0.651   ,5.171   ,7.91   ,0.593   ,5.229   ,7.891   ,0.555   ,5.248   ,7.891   ,0.555   ,5.248   ,7.891   ,0.574   ,5.267   ,7.929   ,0.574   ,5.267   ,7.929   ,0.612   ,5.248   ,7.929   ,0.593   ,5.229   ,7.929   ,0.593   ,5.171   ,7.929   ,0.593   ,5.152   ,7.949   ,0.593   ,5.152   ,7.949   ,0.612   ,5.152   ,7.987   ,0.612   ,5.152   ,7.987   ,0.651   ,5.114   ,7.968   ,0.612   ,5.095   ,8.025   ,0.612   ,5.095   ,8.025   ,0.612   ,5.095   ,8.044   ,0.612   ,5.095   ,8.044   ,0.612   ,5.152   ,8.025   ,0.593   ,5.171   ,7.968   ,0.593   ,5.171   ,7.968   ,0.593   ,5.171   ,7.929   ,0.555   ,5.209   ,7.853   ,0.555   ,5.209   ,7.853   ,0.536   ,5.248   ,7.872   ,0.536   ,5.267   ,7.834   ,0.536   ,5.267   ,7.834   ,0.536   ,5.286   ,7.872   ,0.459   ,5.248   ,7.891   ,0.459   ,5.248   ,7.891   ,0.478   ,5.267   ,7.91   ,0.517   ,5.248   ,7.968   ,0.517   ,5.248   ,7.968   ,0.517   ,5.19   ,7.949   ,0.574   ,5.19   ,7.949   ,0.612   ,5.133   ,7.949   ,0.612   ,5.133   ,7.949   ,0.632   ,5.152   ,7.949   ,0.651   ,5.133   ,7.929   ,0.651   ,5.133   ,7.929   ,0.689   ,5.152   ,7.987   ,0.632   ,5.152   ,7.968   ,0.632   ,5.152   ,7.968   ,0.632   ,5.152   ,7.949   ,0.593   ,5.133   ,7.968   ,0.593   ,5.133   ,7.968   ,0.612   ,5.133   ,7.968   ,0.574   ,5.152   ,7.968   ,0.574   ,5.171   ,7.987   ,0.574   ,5.171   ,7.987   ,0.517   ,5.209   ,7.968   ,0.555   ,5.171   ,7.968   ,0.555   ,5.171   ,7.968   ,0.536   ,5.209   ,7.949   ,0.536   ,5.209   ,7.949   ,0.498   ,5.209   ,7.929   ,0.517   ,5.229   ,7.929   ,0.517   ,5.229   ,7.929   ,0.555   ,5.209   ,7.949   ,0.555   ,5.209   ,7.949   ,0.536   ,5.229   ,7.949   ,0.574   ,5.19   ,7.968   ,0.574   ,5.19   ,7.968   ,0.555   ,5.19   ,7.968   ,0.593   ,5.19   ,7.949   ,0.593   ,5.19   ,7.949   ,0.574   ,5.152   ,7.929   ,0.555   ,5.19   ,7.949   ,0.536   ,5.171   ,7.929   ,0.555   ,5.19   ,7.929   ,0.555   ,5.209   ,7.91   ,0.555   ,5.209   ,7.91   ,0.517   ,5.209   ,7.929   ,0.478   ,5.209   ,7.929   ,0.478   ,5.209   ,7.929   ,0.498   ,5.209   ,7.949   ,0.555   ,5.171   ,7.968   ,0.574   ,5.152   ,7.968   ,0.593   ,5.152   ,8.006   ,0.612   ,5.133   ,7.987   ,0.612   ,5.133   ,7.987   ,0.593   ,5.114   ,8.006   ,0.612   ,5.114   ,7.987   ,0.612   ,5.114   ,7.987   ,0.612   ,5.114   ,8.006   ,0.593   ,5.114   ,7.968   ,0.574   ,5.152   ,7.949   ,0.574   ,5.152   ,7.949   ,0.555   ,5.171   ,7.968   ,0.536   ,5.229   ,7.929   ,0.536   ,5.229   ,7.929   ,0.498   ,5.229   ,7.891   ,0.498   ,5.229   ,7.891   ,0.498   ,5.229   ,7.91   ,0.498   ,5.267   ,7.929   ,0.498   ,5.267   ,7.929   ,0.498   ,5.248   ,7.91   ,0.498   ,5.248   ,7.91   ,0.555   ,5.229   ,7.949   ,0.593   ,5.19   ,7.929   ,0.555   ,5.171   ,7.91   ,0.555   ,5.171   ,7.949   ,0.555   ,5.171   ,7.949   ,0.555   ,5.152   ,7.929   ,0.612   ,5.152   ,7.968   ,0.612   ,5.152   ,7.968   ,0.536   ,5.152   ,7.987   ,0.555   ,5.152   ,8.006   ,0.555   ,5.152   ,7.987   ,0.555   ,5.152   ,7.987   ,0.593   ,5.19   ,7.987   ,0.593   ,5.19   ,7.987   ,0.612   ,5.19   ,7.968   ,0.612   ,5.171   ,7.968   ,0.593   ,5.19   ,7.929   ,0.593   ,5.19   ,7.929   ,0.612   ,5.19   ,7.929   ,0.612   ,5.171   ,7.929   ,0.612   ,5.171   ,7.929   ,0.574   ,5.19   ,7.949   ,0.574   ,5.19   ,7.949   ,0.555   ,5.209   ,7.968   ,0.555   ,5.209   ,7.949   ,0.555   ,5.209   ,7.949   ,0.555   ,5.209   ,7.968   ,0.555   ,5.209   ,7.968   ,0.536   ,5.229   ,7.949   ,0.574   ,5.229   ,7.929   ,0.555   ,5.209   ,7.91   ,0.555   ,5.209   ,7.91   ,0.593   ,5.19   ,7.929   ,0.593   ,5.19   ,7.929   ,0.593   ,5.229   ,7.891   ,0.593   ,5.248   ,7.891   ,0.612   ,5.209   ,7.891   ,0.612   ,5.209   ,7.891   ,0.593   ,5.19   ,7.929   ,0.593   ,5.152   ,7.949   ,0.593   ,5.152   ,7.949   ,0.574   ,5.19   ,7.929   ,0.574   ,5.19   ,7.929   ,0.593   ,5.19   ,7.968   ,0.593   ,5.19   ,7.968   ,0.632   ,5.171   ,7.968   ,0.632   ,5.152   ,7.987   ,0.632   ,5.152   ,7.987   ,0.632   ,5.152   ,7.929   ,0.651   ,5.133   ,7.929   ,0.651   ,5.133   ,7.929   ,0.632   ,5.152   ,7.91   ,0.651   ,5.171   ,7.949   ,0.632   ,5.19   ,7.929   ,0.632   ,5.19   ,7.929   ,0.593   ,5.171   ,7.968   ,0.593   ,5.171   ,7.968   ,0.593   ,5.19   ,7.968   ,0.612   ,5.171   ,7.968   ,0.593   ,5.209   ,7.949   ,0.593   ,5.209   ,7.949   ,0.593   ,5.209   ,7.929   ,0.612   ,5.19   ,7.929   ,0.593   ,5.19   ,7.968   ,0.593   ,5.19   ,7.968   ,0.593   ,5.209   ,7.929   ,0.593   ,5.229   ,7.949   ,0.67   ,5.229   ,7.929   ,0.67   ,5.229   ,7.929   ,0.632   ,5.209   ,7.929   ,0.67   ,5.19   ,7.91   ,0.632   ,5.19   ,7.91   ,0.632   ,5.19   ,7.91   ,0.632   ,5.152   ,7.929   ,0.612   ,5.209   ,7.949   ,0.632   ,5.209   ,7.949   ,0.632   ,5.209   ,7.949   ,0.593   ,5.152   ,7.91   ,0.593   ,5.152   ,7.91   ,0.612   ,5.209   ,7.949   ,0.593   ,5.171   ,7.929   ,0.593   ,5.171   ,7.929   ,0.651   ,5.209   ,7.91   ,0.632   ,5.19   ,7.891   ,0.593   ,5.229   ,7.872   ,0.593   ,5.229   ,7.872   ,0.612   ,5.248   ,7.891   ,0.612   ,5.248   ,7.891   ,0.612   ,5.229   ,7.929   ,0.612   ,5.229   ,7.929   ,0.612   ,5.229   ,7.929   ,0.632   ,5.171   ,7.929   ,0.651   ,5.171   ,7.949   ,0.651   ,5.171   ,7.949   ,0.67   ,5.152   ,7.987   ,0.632   ,5.152   ,7.968   ,0.651   ,5.152   ,7.91   ,0.651   ,5.152   ,7.91   ,0.67   ,5.152   ,7.968   ,0.651   ,5.171   ,7.891   ,0.67   ,5.19   ,7.891   ,0.67   ,5.19   ,7.891   ,0.651   ,5.19   ,7.891   ,